0.0000000000e+00 -1.2166030000e+00 1.7207590000e+00 
1.0000000000e+00 -1.1664500000e+00 1.8326500000e+00 
2.0000000000e+00 -1.3697430000e+00 1.8768120000e+00 
3.0000000000e+00 -1.5389120000e+00 1.7626690000e+00 
4.0000000000e+00 -1.6246400000e+00 1.6150240000e+00 
5.0000000000e+00 -1.6578710000e+00 1.4796330000e+00 
6.0000000000e+00 -1.6638240000e+00 1.3659810000e+00 
7.0000000000e+00 -1.6571720000e+00 1.2723870000e+00 
8.0000000000e+00 -1.6366440000e+00 1.1993690000e+00 
9.0000000000e+00 -1.7024930000e+00 1.1029520000e+00 
1.0000000000e+01 -1.6840770000e+00 1.0290370000e+00 
1.1000000000e+01 -1.6915490000e+00 9.3389010000e-01 
1.2000000000e+01 -1.6797150000e+00 8.0592450000e-01 
1.3000000000e+01 -1.6022170000e+00 6.8537060000e-01 
1.4000000000e+01 -1.5233280000e+00 6.3938860000e-01 
1.5000000000e+01 -1.4985160000e+00 5.8813330000e-01 
1.6000000000e+01 -1.4625900000e+00 4.9509210000e-01 
1.7000000000e+01 -1.3803060000e+00 4.0404200000e-01 
1.8000000000e+01 -1.2760730000e+00 3.5599460000e-01 
1.9000000000e+01 -1.1896450000e+00 3.4898490000e-01 
2.0000000000e+01 -1.1387050000e+00 3.5902300000e-01 
2.1000000000e+01 -1.1245420000e+00 3.6496860000e-01 
2.2000000000e+01 -1.1456080000e+00 3.4769760000e-01 
2.3000000000e+01 -1.1948510000e+00 2.7446050000e-01 
2.4000000000e+01 -1.2154080000e+00 9.3024370000e-02 
2.5000000000e+01 -1.0526290000e+00 -1.4189520000e-01 
2.6000000000e+01 -7.5524020000e-01 -1.8616030000e-01 
2.7000000000e+01 -5.5714040000e-01 -7.9306390000e-02 
2.8000000000e+01 -4.5782830000e-01 3.5367450000e-02 
2.9000000000e+01 -4.0095790000e-01 1.2753330000e-01 
3.0000000000e+01 -3.6065290000e-01 2.0337760000e-01 
3.1000000000e+01 -3.2845370000e-01 2.7074350000e-01 
3.2000000000e+01 -3.0238030000e-01 3.3476950000e-01 
3.3000000000e+01 -2.8276510000e-01 3.9859350000e-01 
3.4000000000e+01 -2.7115400000e-01 4.6427600000e-01 
3.5000000000e+01 -2.7050950000e-01 5.3380550000e-01 
3.6000000000e+01 -2.8697820000e-01 6.0896090000e-01 
3.7000000000e+01 -3.3396380000e-01 6.8913480000e-01 
3.8000000000e+01 -4.4012270000e-01 7.5953110000e-01 
3.9000000000e+01 -6.4182510000e-01 7.3724980000e-01 
4.0000000000e+01 -1.6111760000e+00 1.7815950000e+00 
4.1000000000e+01 -1.6960670000e+00 1.5499650000e+00 
4.2000000000e+01 -1.6995470000e+00 1.3593300000e+00 
4.3000000000e+01 -1.6675020000e+00 1.2156710000e+00 
4.4000000000e+01 -1.6252260000e+00 1.1091670000e+00 
4.5000000000e+01 -1.5844910000e+00 1.0283310000e+00 
4.6000000000e+01 -1.5504300000e+00 9.6373530000e-01 
4.7000000000e+01 -1.5243640000e+00 9.1169300000e-01 
4.8000000000e+01 -1.5158680000e+00 8.3894510000e-01 
4.9000000000e+01 -1.5068010000e+00 7.8760740000e-01 
5.0000000000e+01 -1.5064880000e+00 7.1121120000e-01 
5.1000000000e+01 -1.4843440000e+00 6.0748330000e-01 
5.2000000000e+01 -1.4174150000e+00 5.2899030000e-01 
5.3000000000e+01 -1.3875640000e+00 4.8496540000e-01 
5.4000000000e+01 -1.3744090000e+00 3.9133050000e-01 
5.5000000000e+01 -1.3047340000e+00 2.7011310000e-01 
5.6000000000e+01 -1.1812430000e+00 1.9184500000e-01 
5.7000000000e+01 -1.0641980000e+00 1.7698250000e-01 
5.8000000000e+01 -9.9003520000e-01 1.9344120000e-01 
5.9000000000e+01 -9.6323160000e-01 2.0917270000e-01 
6.0000000000e+01 -9.8343900000e-01 1.9640440000e-01 
6.1000000000e+01 -1.0399660000e+00 1.0050440000e-01 
6.2000000000e+01 -1.0056010000e+00 -1.5325920000e-01 
6.3000000000e+01 -6.8111240000e-01 -3.2610980000e-01 
6.4000000000e+01 -3.9907170000e-01 -2.0513460000e-01 
6.5000000000e+01 -2.8498810000e-01 -4.4617990000e-02 
6.6000000000e+01 -2.3949650000e-01 7.8471590000e-02 
6.7000000000e+01 -2.1778390000e-01 1.7445000000e-01 
6.8000000000e+01 -2.0648140000e-01 2.5528790000e-01 
6.9000000000e+01 -2.0133680000e-01 3.2806380000e-01 
7.0000000000e+01 -2.0109390000e-01 3.9719230000e-01 
7.1000000000e+01 -2.0649840000e-01 4.6626420000e-01 
7.2000000000e+01 -2.2060450000e-01 5.3782330000e-01 
7.3000000000e+01 -2.4913670000e-01 6.1269350000e-01 
7.4000000000e+01 -3.0085390000e-01 6.8824330000e-01 
7.5000000000e+01 -3.8793630000e-01 7.5489270000e-01 
7.6000000000e+01 -5.2668130000e-01 7.8574940000e-01 
7.7000000000e+01 -7.1600040000e-01 7.0092880000e-01 
7.8000000000e+01 -7.5361910000e-01 3.8135720000e-01 
7.9000000000e+01 -4.0205010000e-01 2.8071720000e-01 
8.0000000000e+01 -1.7250720000e+00 1.2965540000e+00 
8.1000000000e+01 -1.6650640000e+00 1.1194130000e+00 
8.2000000000e+01 -1.5950950000e+00 9.9969920000e-01 
8.3000000000e+01 -1.5312390000e+00 9.1528500000e-01 
8.4000000000e+01 -1.4770170000e+00 8.5115440000e-01 
8.5000000000e+01 -1.4324420000e+00 7.9856570000e-01 
8.6000000000e+01 -1.3972370000e+00 7.5257310000e-01 
8.7000000000e+01 -1.3611110000e+00 6.8441470000e-01 
8.8000000000e+01 -1.3499530000e+00 6.6142140000e-01 
8.9000000000e+01 -1.3434460000e+00 6.0567660000e-01 
9.0000000000e+01 -1.3339670000e+00 5.2700120000e-01 
9.1000000000e+01 -1.2972680000e+00 4.4613110000e-01 
9.2000000000e+01 -1.2763320000e+00 3.7671900000e-01 
9.3000000000e+01 -1.2525320000e+00 2.5974990000e-01 
9.4000000000e+01 -1.1577220000e+00 1.2504260000e-01 
9.5000000000e+01 -1.0075550000e+00 5.1895140000e-02 
9.6000000000e+01 -8.7552760000e-01 5.0751990000e-02 
9.7000000000e+01 -7.9664100000e-01 8.0159280000e-02 
9.8000000000e+01 -7.7828430000e-01 1.0386420000e-01 
9.9000000000e+01 -8.2970760000e-01 6.8157430000e-02 
1.0000000000e+02 -8.6985000000e-01 -1.6489300000e-01 
1.0100000000e+02 -5.2817240000e-01 -4.3330400000e-01 
1.0200000000e+02 -1.7037620000e-01 -2.8320580000e-01 
1.0300000000e+02 -4.6922230000e-02 -7.3724180000e-02 
1.0400000000e+02 -1.4784730000e-02 8.5793500000e-02 
1.0500000000e+02 -2.0378670000e-02 2.0965040000e-01 
1.0600000000e+02 -5.1572930000e-02 3.0953070000e-01 
1.0700000000e+02 -1.0729420000e-01 3.6924900000e-01 
1.0800000000e+02 -1.4564240000e-01 4.0868910000e-01 
1.0900000000e+02 -1.9049800000e-01 4.3370000000e-01 
1.1000000000e+02 -2.3039370000e-01 4.3783390000e-01 
1.1100000000e+02 -2.5615530000e-01 4.2532260000e-01 
1.1200000000e+02 -2.6119000000e-01 4.0549290000e-01 
1.1300000000e+02 -2.4709730000e-01 3.9178270000e-01 
1.1400000000e+02 -2.2844020000e-01 3.9156070000e-01 
1.1500000000e+02 -2.2144850000e-01 3.8596620000e-01 
1.1600000000e+02 -1.8394100000e-01 3.2391160000e-01 
1.1700000000e+02 3.6581200000e-02 3.4371500000e-01 
1.1800000000e+02 8.7529940000e-02 6.1587920000e-01 
1.1900000000e+02 -3.4137170000e-02 7.6989900000e-01 
1.2000000000e+02 -1.6255750000e+00 9.9157760000e-01 
1.2100000000e+02 -1.5358050000e+00 8.7898140000e-01 
1.2200000000e+02 -1.4590710000e+00 8.0083180000e-01 
1.2300000000e+02 -1.3938480000e+00 7.4087180000e-01 
1.2400000000e+02 -1.3371840000e+00 6.9137160000e-01 
1.2500000000e+02 -1.2876050000e+00 6.4887370000e-01 
1.2600000000e+02 -1.2451950000e+00 6.1077490000e-01 
1.2700000000e+02 -1.2105250000e+00 5.7973840000e-01 
1.2800000000e+02 -1.1915420000e+00 5.4512890000e-01 
1.2900000000e+02 -1.1904340000e+00 4.9646430000e-01 
1.3000000000e+02 -1.1869440000e+00 4.1226400000e-01 
1.3100000000e+02 -1.1603520000e+00 3.1901310000e-01 
1.3200000000e+02 -1.1272950000e+00 2.0002250000e-01 
1.3300000000e+02 -1.0287360000e+00 5.5877420000e-02 
1.3400000000e+02 -8.5966550000e-01 -2.9377370000e-02 
1.3500000000e+02 -7.0053720000e-01 -2.7303090000e-02 
1.3600000000e+02 -6.0247570000e-01 1.9970800000e-02 
1.3700000000e+02 -5.8698050000e-01 6.4962140000e-02 
1.3800000000e+02 -6.7560410000e-01 4.1825390000e-03 
1.3900000000e+02 -5.9981900000e-01 -3.7396910000e-01 
1.4000000000e+02 -4.9248380000e-02 -4.1506020000e-01 
1.4100000000e+02 2.1396720000e-01 -8.5781240000e-02 
1.4200000000e+02 1.3887500000e-01 2.6551260000e-01 
1.4300000000e+02 3.5894380000e-02 2.5387950000e-01 
1.4400000000e+02 2.5046070000e-02 3.2515300000e-01 
1.4500000000e+02 -3.3644990000e-02 3.8081220000e-01 
1.4600000000e+02 -1.0645900000e-01 3.8978040000e-01 
1.4700000000e+02 -1.6437240000e-01 3.4895390000e-01 
1.4800000000e+02 -1.7584680000e-01 2.6699070000e-01 
1.4900000000e+02 -1.0698220000e-01 1.7614700000e-01 
1.5000000000e+02 4.8161600000e-02 1.4683290000e-01 
1.5100000000e+02 2.1759820000e-01 2.4280850000e-01 
1.5200000000e+02 2.9908260000e-01 4.3125890000e-01 
1.5300000000e+02 2.6931950000e-01 6.2107490000e-01 
1.5400000000e+02 1.6390830000e-01 7.5436610000e-01 
1.5500000000e+02 3.5668090000e-02 7.8611070000e-01 
1.5600000000e+02 2.8639130000e-02 8.0687790000e-01 
1.5700000000e+02 -6.5684630000e-02 8.9115960000e-01 
1.5800000000e+02 -1.7862650000e-01 9.0752300000e-01 
1.5900000000e+02 -2.7514760000e-01 8.9447290000e-01 
1.6000000000e+02 -1.5049740000e+00 8.0799750000e-01 
1.6100000000e+02 -1.4133050000e+00 7.2612800000e-01 
1.6200000000e+02 -1.3342870000e+00 6.6406870000e-01 
1.6300000000e+02 -1.2628210000e+00 6.1404610000e-01 
1.6400000000e+02 -1.1963320000e+00 5.7358020000e-01 
1.6500000000e+02 -1.1343320000e+00 5.4237250000e-01 
1.6600000000e+02 -1.0915590000e+00 5.5836200000e-01 
1.6700000000e+02 -1.0502080000e+00 5.0617260000e-01 
1.6800000000e+02 -1.0395650000e+00 4.9004920000e-01 
1.6900000000e+02 -1.0628890000e+00 4.3600280000e-01 
1.7000000000e+02 -1.0542810000e+00 3.2216190000e-01 
1.7100000000e+02 -1.0121010000e+00 2.0739480000e-01 
1.7200000000e+02 -9.3048450000e-01 6.2933910000e-02 
1.7300000000e+02 -7.6085080000e-01 -5.1123040000e-02 
1.7400000000e+02 -5.6957820000e-01 -6.4028740000e-02 
1.7500000000e+02 -4.3859530000e-01 -3.1395660000e-03 
1.7600000000e+02 -4.1184320000e-01 7.0023080000e-02 
1.7700000000e+02 -5.1942100000e-01 -2.6015440000e-03 
1.7800000000e+02 -2.6860790000e-01 -4.0040000000e-01 
1.7900000000e+02 2.1900100000e-01 -8.8843710000e-02 
1.8000000000e+02 1.6367540000e-01 3.3102670000e-02 
1.8100000000e+02 2.2868870000e-01 2.2067710000e-01 
1.8200000000e+02 1.5873260000e-01 3.5716550000e-01 
1.8300000000e+02 4.8532740000e-02 3.9955210000e-01 
1.8400000000e+02 -4.4921010000e-02 3.5098430000e-01 
1.8500000000e+02 -7.1774130000e-02 2.3395090000e-01 
1.8600000000e+02 1.1296370000e-02 9.5755650000e-02 
1.8700000000e+02 2.2181720000e-01 2.3100730000e-02 
1.8800000000e+02 4.9172040000e-01 1.2277690000e-01 
1.8900000000e+02 6.6038750000e-01 4.0064560000e-01 
1.9000000000e+02 6.4179410000e-01 7.1782590000e-01 
1.9100000000e+02 4.9293760000e-01 9.5864010000e-01 
1.9200000000e+02 2.9133310000e-01 1.1043780000e+00 
1.9300000000e+02 6.2958730000e-02 1.1726880000e+00 
1.9400000000e+02 -2.2015230000e-01 1.0561870000e+00 
1.9500000000e+02 -1.3729400000e-01 9.5080030000e-01 
1.9600000000e+02 -2.0737610000e-01 9.6903150000e-01 
1.9700000000e+02 -2.7960500000e-01 9.4381210000e-01 
1.9800000000e+02 -3.3963850000e-01 9.0974870000e-01 
1.9900000000e+02 -3.9579070000e-01 8.7446760000e-01 
2.0000000000e+02 -1.3929200000e+00 6.7824010000e-01 
2.0100000000e+02 -1.2968360000e+00 6.1010350000e-01 
2.0200000000e+02 -1.2086600000e+00 5.5751290000e-01 
2.0300000000e+02 -1.1245970000e+00 5.1802060000e-01 
2.0400000000e+02 -1.0441890000e+00 4.9206900000e-01 
2.0500000000e+02 -9.6656320000e-01 4.8240340000e-01 
2.0600000000e+02 -9.3945690000e-01 4.7818540000e-01 
2.0700000000e+02 -8.9767200000e-01 4.8869340000e-01 
2.0800000000e+02 -9.1673120000e-01 4.8471170000e-01 
2.0900000000e+02 -9.6094920000e-01 3.9363280000e-01 
2.1000000000e+02 -9.2478050000e-01 2.5979560000e-01 
2.1100000000e+02 -8.6100030000e-01 1.2672520000e-01 
2.1200000000e+02 -7.1948590000e-01 -1.9277140000e-02 
2.1300000000e+02 -5.0384210000e-01 -7.6362090000e-02 
2.1400000000e+02 -3.2230470000e-01 -1.9934630000e-02 
2.1500000000e+02 -2.5609970000e-01 8.5943600000e-02 
2.1600000000e+02 -3.5831010000e-01 5.2217620000e-02 
2.1700000000e+02 -2.9290320000e-02 -1.6911960000e-01 
2.1800000000e+02 1.6272630000e-02 -2.2425630000e-01 
2.1900000000e+02 3.8905050000e-01 8.9622360000e-02 
2.2000000000e+02 3.2394430000e-01 3.5117000000e-01 
2.2100000000e+02 1.7377690000e-01 4.3089570000e-01 
2.2200000000e+02 6.3289490000e-02 3.6320080000e-01 
2.2300000000e+02 6.7113930000e-02 2.2079420000e-01 
2.2400000000e+02 2.0596030000e-01 9.5488010000e-02 
2.2500000000e+02 4.5051440000e-01 7.8087420000e-02 
2.2600000000e+02 7.1129150000e-01 2.3707600000e-01 
2.2700000000e+02 8.5215890000e-01 5.5543960000e-01 
2.2800000000e+02 7.9670690000e-01 9.0625990000e-01 
2.2900000000e+02 5.9560680000e-01 1.1658600000e+00 
2.3000000000e+02 3.4269770000e-01 1.3028860000e+00 
2.3100000000e+02 9.6075720000e-02 1.3437880000e+00 
2.3200000000e+02 -1.4493530000e-01 1.3293350000e+00 
2.3300000000e+02 -3.9481740000e-01 9.9184800000e-01 
2.3400000000e+02 -2.4354120000e-01 1.0139570000e+00 
2.3500000000e+02 -3.0124980000e-01 9.9993770000e-01 
2.3600000000e+02 -3.5020900000e-01 9.6591620000e-01 
2.3700000000e+02 -3.9531150000e-01 9.3149640000e-01 
2.3800000000e+02 -4.4446340000e-01 8.9677640000e-01 
2.3900000000e+02 -5.0542980000e-01 8.5516590000e-01 
2.4000000000e+02 -1.2832960000e+00 5.7539250000e-01 
2.4100000000e+02 -1.1768040000e+00 5.1772320000e-01 
2.4200000000e+02 -1.0751530000e+00 4.7722330000e-01 
2.4300000000e+02 -9.7708480000e-01 4.5433480000e-01 
2.4400000000e+02 -8.8439880000e-01 4.5100250000e-01 
2.4500000000e+02 -7.8837740000e-01 4.8593930000e-01 
2.4600000000e+02 -7.8789730000e-01 4.8032090000e-01 
2.4700000000e+02 -7.7413670000e-01 5.1599030000e-01 
2.4800000000e+02 -8.3729710000e-01 5.0096370000e-01 
2.4900000000e+02 -8.7346370000e-01 3.5712640000e-01 
2.5000000000e+02 -8.1240860000e-01 2.1453830000e-01 
2.5100000000e+02 -7.1231770000e-01 5.9751080000e-02 
2.5200000000e+02 -5.0451790000e-01 -6.1773900000e-02 
2.5300000000e+02 -2.6448920000e-01 -4.3495860000e-02 
2.5400000000e+02 -1.2838670000e-01 8.8620800000e-02 
2.5500000000e+02 -2.1955670000e-01 1.4577110000e-01 
2.5600000000e+02 2.0815310000e-02 8.0182360000e-02 
2.5700000000e+02 1.0875260000e-01 -2.1376370000e-01 
2.5800000000e+02 4.6527680000e-01 1.6402000000e-01 
2.5900000000e+02 3.5313860000e-01 4.2331360000e-01 
2.6000000000e+02 1.9658650000e-01 4.3033930000e-01 
2.6100000000e+02 1.7032290000e-01 3.0595030000e-01 
2.6200000000e+02 2.9221490000e-01 1.9633740000e-01 
2.6300000000e+02 5.0362990000e-01 1.8697730000e-01 
2.6400000000e+02 7.3072960000e-01 3.1595170000e-01 
2.6500000000e+02 8.8443890000e-01 5.8414260000e-01 
2.6600000000e+02 8.7949610000e-01 9.2684890000e-01 
2.6700000000e+02 7.0239220000e-01 1.2256670000e+00 
2.6800000000e+02 4.3016750000e-01 1.3971290000e+00 
2.6900000000e+02 1.5474630000e-01 1.4404840000e+00 
2.7000000000e+02 -7.4244840000e-02 1.4018520000e+00 
2.7100000000e+02 -2.7064340000e-01 1.3399640000e+00 
2.7200000000e+02 -3.6957970000e-01 9.9826330000e-01 
2.7300000000e+02 -3.3529800000e-01 1.0495610000e+00 
2.7400000000e+02 -3.8121110000e-01 1.0140060000e+00 
2.7500000000e+02 -4.2111960000e-01 9.7362240000e-01 
2.7600000000e+02 -4.6174890000e-01 9.3482700000e-01 
2.7700000000e+02 -5.0932410000e-01 8.9432880000e-01 
2.7800000000e+02 -5.7047340000e-01 8.4341110000e-01 
2.7900000000e+02 -6.5208590000e-01 7.6172690000e-01 
2.8000000000e+02 -1.1704660000e+00 4.9262590000e-01 
2.8100000000e+02 -1.0507100000e+00 4.4805230000e-01 
2.8200000000e+02 -9.3565810000e-01 4.2494360000e-01 
2.8300000000e+02 -8.2712760000e-01 4.2476200000e-01 
2.8400000000e+02 -7.2821470000e-01 4.5091450000e-01 
2.8500000000e+02 -7.1065350000e-01 6.5490380000e-01 
2.8600000000e+02 -6.6454060000e-01 5.1836170000e-01 
2.8700000000e+02 -6.9129930000e-01 5.6608000000e-01 
2.8800000000e+02 -7.9577370000e-01 5.0924080000e-01 
2.8900000000e+02 -7.9684630000e-01 3.1894600000e-01 
2.9000000000e+02 -7.0890070000e-01 1.6307340000e-01 
2.9100000000e+02 -5.4804470000e-01 -1.0936590000e-03 
2.9200000000e+02 -2.7683500000e-01 -6.1252620000e-02 
2.9300000000e+02 -4.9592890000e-02 6.1914760000e-02 
2.9400000000e+02 -9.7062080000e-02 2.3081570000e-01 
2.9500000000e+02 1.5460730000e-01 1.7649050000e-01 
2.9600000000e+02 2.2085370000e-03 -5.2796100000e-03 
2.9700000000e+02 4.3322860000e-01 1.5719160000e-01 
2.9800000000e+02 3.6999780000e-01 4.1982690000e-01 
2.9900000000e+02 2.6103210000e-01 4.0357160000e-01 
3.0000000000e+02 3.1298830000e-01 3.0815640000e-01 
3.0100000000e+02 4.7133440000e-01 2.8248770000e-01 
3.0200000000e+02 6.5826100000e-01 3.5959060000e-01 
3.0300000000e+02 8.1907540000e-01 5.4420100000e-01 
3.0400000000e+02 8.9102570000e-01 8.2578410000e-01 
3.0500000000e+02 8.1076800000e-01 1.1439230000e+00 
3.0600000000e+02 5.7759820000e-01 1.3902090000e+00 
3.0700000000e+02 2.7895090000e-01 1.4919660000e+00 
3.0800000000e+02 1.2214650000e-02 1.4677220000e+00 
3.0900000000e+02 -1.8257990000e-01 1.3811390000e+00 
3.1000000000e+02 -3.2582640000e-01 1.2900750000e+00 
3.1100000000e+02 -3.8190220000e-01 1.0846520000e+00 
3.1200000000e+02 -4.0982790000e-01 1.0623660000e+00 
3.1300000000e+02 -4.4990780000e-01 1.0083240000e+00 
3.1400000000e+02 -4.8553790000e-01 9.5731280000e-01 
3.1500000000e+02 -5.2233980000e-01 9.0874490000e-01 
3.1600000000e+02 -5.6547420000e-01 8.5750330000e-01 
3.1700000000e+02 -6.2019630000e-01 7.9247300000e-01 
3.1800000000e+02 -6.8816010000e-01 6.8877860000e-01 
3.1900000000e+02 -7.3755980000e-01 4.9211790000e-01 
3.2000000000e+02 -1.0542450000e+00 4.2890890000e-01 
3.2100000000e+02 -9.2181190000e-01 4.0131970000e-01 
3.2200000000e+02 -7.9698620000e-01 3.9993310000e-01 
3.2300000000e+02 -6.8412330000e-01 4.2593400000e-01 
3.2400000000e+02 -5.8616070000e-01 4.8677030000e-01 
3.2500000000e+02 -6.8609470000e-01 4.9419630000e-01 
3.2600000000e+02 -5.7339870000e-01 5.7423620000e-01 
3.2700000000e+02 -6.4807880000e-01 6.1634660000e-01 
3.2800000000e+02 -7.7413680000e-01 4.9157900000e-01 
3.2900000000e+02 -7.2136470000e-01 2.6823420000e-01 
3.3000000000e+02 -5.9000560000e-01 1.0094610000e-01 
3.3100000000e+02 -3.5136570000e-01 -3.7773920000e-02 
3.3200000000e+02 -4.6581720000e-02 1.2748540000e-02 
3.3300000000e+02 3.2476790000e-02 2.5429040000e-01 
3.3400000000e+02 3.3154170000e-01 1.5466970000e-01 
3.3500000000e+02 -4.1546000000e-02 3.4337350000e-01 
3.3600000000e+02 2.5184600000e-01 1.1279730000e-01 
3.3700000000e+02 3.7246790000e-01 3.3619820000e-01 
3.3800000000e+02 3.4681470000e-01 3.6215100000e-01 
3.3900000000e+02 4.3757480000e-01 3.4126560000e-01 
3.4000000000e+02 5.7760420000e-01 3.8698880000e-01 
3.4100000000e+02 7.1589530000e-01 5.0309030000e-01 
3.4200000000e+02 8.2360060000e-01 6.9400060000e-01 
3.4300000000e+02 8.5220490000e-01 9.6015730000e-01 
3.4400000000e+02 7.3825080000e-01 1.2532770000e+00 
3.4500000000e+02 4.7638380000e-01 1.4622930000e+00 
3.4600000000e+02 1.6796850000e-01 1.5116510000e+00 
3.4700000000e+02 -8.0216980000e-02 1.4403420000e+00 
3.4800000000e+02 -2.4388390000e-01 1.3263980000e+00 
3.4900000000e+02 -3.4632220000e-01 1.2086350000e+00 
3.5000000000e+02 -3.8789810000e-01 1.1429520000e+00 
3.5100000000e+02 -4.5690810000e-01 1.0576670000e+00 
3.5200000000e+02 -4.9770230000e-01 9.8427840000e-01 
3.5300000000e+02 -5.3047910000e-01 9.1907420000e-01 
3.5400000000e+02 -5.6100210000e-01 8.5781620000e-01 
3.5500000000e+02 -5.9376360000e-01 7.9413950000e-01 
3.5600000000e+02 -6.3047910000e-01 7.1517440000e-01 
3.5700000000e+02 -6.5504340000e-01 5.9703000000e-01 
3.5800000000e+02 -6.0734300000e-01 4.6011430000e-01 
3.5900000000e+02 -5.5284890000e-01 3.4597850000e-01 
3.6000000000e+02 -9.3756210000e-01 3.8319340000e-01 
3.6100000000e+02 -7.9537860000e-01 3.7543470000e-01 
3.6200000000e+02 -6.6589100000e-01 3.9748640000e-01 
3.6300000000e+02 -5.5489480000e-01 4.5004950000e-01 
3.6400000000e+02 -4.6514500000e-01 5.5180830000e-01 
3.6500000000e+02 -5.3883500000e-01 5.2542080000e-01 
3.6600000000e+02 -5.1160490000e-01 6.3266250000e-01 
3.6700000000e+02 -6.3480230000e-01 6.4987550000e-01 
3.6800000000e+02 -7.5197840000e-01 4.4215850000e-01 
3.6900000000e+02 -6.2921220000e-01 2.0348870000e-01 
3.7000000000e+02 -4.3667730000e-01 4.5162590000e-02 
3.7100000000e+02 -1.2957720000e-01 -1.4955410000e-02 
3.7200000000e+02 1.0868870000e-01 1.8791280000e-01 
3.7300000000e+02 2.9605010000e-01 -1.0152040000e-01 
3.7400000000e+02 1.2059850000e-01 6.0845960000e-01 
3.7500000000e+02 -4.8034780000e-02 2.3394810000e-01 
3.7600000000e+02 2.8774100000e-01 1.7136460000e-01 
3.7700000000e+02 4.3345740000e-01 2.7024990000e-01 
3.7800000000e+02 5.5136170000e-01 3.5889710000e-01 
3.7900000000e+02 6.5101250000e-01 4.6897210000e-01 
3.8000000000e+02 7.3656070000e-01 6.0208680000e-01 
3.8100000000e+02 8.0315890000e-01 7.7919520000e-01 
3.8200000000e+02 8.1090580000e-01 1.0200120000e+00 
3.8300000000e+02 6.8617250000e-01 1.2937000000e+00 
3.8400000000e+02 4.0704560000e-01 1.4782430000e+00 
3.8500000000e+02 9.5509750000e-02 1.4845610000e+00 
3.8600000000e+02 -1.2905680000e-01 1.3789670000e+00 
3.8700000000e+02 -2.6632870000e-01 1.2518450000e+00 
3.8800000000e+02 -3.4659500000e-01 1.1162930000e+00 
3.8900000000e+02 -3.2746360000e-01 1.1404540000e+00 
3.9000000000e+02 -4.6073430000e-01 1.0345350000e+00 
3.9100000000e+02 -5.0879190000e-01 9.4375570000e-01 
3.9200000000e+02 -5.3938990000e-01 8.6558820000e-01 
3.9300000000e+02 -5.6153100000e-01 7.9530190000e-01 
3.9400000000e+02 -5.8214830000e-01 7.2730500000e-01 
3.9500000000e+02 -5.9914260000e-01 6.4496450000e-01 
3.9600000000e+02 -5.8090680000e-01 5.5833650000e-01 
3.9700000000e+02 -5.6321370000e-01 4.9498480000e-01 
3.9800000000e+02 -5.5770530000e-01 3.9622310000e-01 
3.9900000000e+02 -4.5906850000e-01 2.1686120000e-01 
4.0000000000e+02 -8.2411090000e-01 3.5260990000e-01 
4.0100000000e+02 -6.7578030000e-01 3.6542430000e-01 
4.0200000000e+02 -5.4610480000e-01 4.1034540000e-01 
4.0300000000e+02 -4.4170350000e-01 4.8777020000e-01 
4.0400000000e+02 -3.7129770000e-01 6.4340960000e-01 
4.0500000000e+02 -4.4490490000e-01 5.7608760000e-01 
4.0600000000e+02 -4.7206770000e-01 6.8331480000e-01 
4.0700000000e+02 -6.3801200000e-01 6.5639550000e-01 
4.0800000000e+02 -7.1031210000e-01 3.6336500000e-01 
4.0900000000e+02 -5.0403650000e-01 1.3654470000e-01 
4.1000000000e+02 -2.4826360000e-01 2.5358280000e-02 
4.1100000000e+02 6.7905650000e-02 9.5741690000e-02 
4.1200000000e+02 -8.0908870000e-02 2.1513770000e-01 
4.1300000000e+02 3.6902440000e-01 6.4849400000e-01 
4.1400000000e+02 -1.3718580000e-01 5.6811390000e-01 
4.1500000000e+02 -7.9561270000e-04 6.3011810000e-02 
4.1600000000e+02 4.7588110000e-01 7.4034090000e-02 
4.1700000000e+02 6.8024110000e-01 3.2640850000e-01 
4.1800000000e+02 7.3045480000e-01 5.2339330000e-01 
4.1900000000e+02 7.5485340000e-01 6.7150740000e-01 
4.2000000000e+02 7.8024520000e-01 8.2594920000e-01 
4.2100000000e+02 7.7615080000e-01 1.0323770000e+00 
4.2200000000e+02 6.5570860000e-01 1.2875080000e+00 
4.2300000000e+02 3.6382610000e-01 1.4545510000e+00 
4.2400000000e+02 5.5922020000e-02 1.4162690000e+00 
4.2500000000e+02 -1.3359390000e-01 1.2851170000e+00 
4.2600000000e+02 -2.4426260000e-01 1.1602510000e+00 
4.2700000000e+02 -3.1946550000e-01 1.0267930000e+00 
4.2800000000e+02 -2.0688660000e-01 1.0143190000e+00 
4.2900000000e+02 -3.9789580000e-01 9.8590280000e-01 
4.3000000000e+02 -4.5611120000e-01 8.9077060000e-01 
4.3100000000e+02 -4.8898830000e-01 8.2351140000e-01 
4.3200000000e+02 -5.4855560000e-01 7.5187800000e-01 
4.3300000000e+02 -5.5435860000e-01 6.3158110000e-01 
4.3400000000e+02 -5.1412980000e-01 5.5691290000e-01 
4.3500000000e+02 -4.7483050000e-01 5.2190540000e-01 
4.3600000000e+02 -4.6463240000e-01 5.1198750000e-01 
4.3700000000e+02 -5.0051910000e-01 4.7654330000e-01 
4.3800000000e+02 -5.2494600000e-01 3.4661630000e-01 
4.3900000000e+02 -3.7779170000e-01 1.8029920000e-01 
4.4000000000e+02 -7.1601200000e-01 3.3278560000e-01 
4.4100000000e+02 -5.6442570000e-01 3.6536310000e-01 
4.4200000000e+02 -4.3748360000e-01 4.3109020000e-01 
4.4300000000e+02 -3.4219200000e-01 5.3148990000e-01 
4.4400000000e+02 -3.2351480000e-01 7.6321370000e-01 
4.4500000000e+02 -3.7409560000e-01 6.2293850000e-01 
4.4600000000e+02 -4.4611310000e-01 7.1976440000e-01 
4.4700000000e+02 -6.4271220000e-01 6.3132500000e-01 
4.4800000000e+02 -6.3148510000e-01 2.6388700000e-01 
4.4900000000e+02 -3.3906800000e-01 8.8934140000e-02 
4.5000000000e+02 -4.8980250000e-02 6.7218490000e-02 
4.5100000000e+02 1.3687530000e-01 2.6441820000e-01 
4.5200000000e+02 6.2574970000e-01 4.3663290000e-01 
4.5300000000e+02 7.5320880000e-02 7.7817270000e-01 
4.5400000000e+02 -2.8246680000e-01 2.9962700000e-01 
4.5500000000e+02 3.2385570000e-01 -1.8644780000e-01 
4.5600000000e+02 8.1890650000e-01 2.0321030000e-01 
4.5700000000e+02 8.3927640000e-01 5.5013410000e-01 
4.5800000000e+02 7.8761180000e-01 7.2927110000e-01 
4.5900000000e+02 7.6084390000e-01 8.5778300000e-01 
4.6000000000e+02 7.4294570000e-01 1.0170310000e+00 
4.6100000000e+02 6.3892220000e-01 1.2458690000e+00 
4.6200000000e+02 3.3560160000e-01 1.3935840000e+00 
4.6300000000e+02 5.1007540000e-02 1.2958570000e+00 
4.6400000000e+02 -7.8644310000e-02 1.1548720000e+00 
4.6500000000e+02 -1.5958150000e-01 1.0546570000e+00 
4.6600000000e+02 -2.4027160000e-01 9.4639900000e-01 
4.6700000000e+02 -1.5102980000e-01 7.8547860000e-01 
4.6800000000e+02 -2.4240190000e-01 9.1445460000e-01 
4.6900000000e+02 -3.3549780000e-01 8.7020870000e-01 
4.7000000000e+02 -4.3479150000e-01 7.6036080000e-01 
4.7100000000e+02 -4.3679020000e-01 6.4660510000e-01 
4.7200000000e+02 -4.0845390000e-01 5.7838150000e-01 
4.7300000000e+02 -3.7737970000e-01 5.4951170000e-01 
4.7400000000e+02 -3.6799910000e-01 5.5350760000e-01 
4.7500000000e+02 -4.0387350000e-01 5.6229380000e-01 
4.7600000000e+02 -4.7933600000e-01 5.3103420000e-01 
4.7700000000e+02 -5.6206670000e-01 4.2417540000e-01 
4.7800000000e+02 -5.9495010000e-01 1.9921150000e-01 
4.7900000000e+02 -3.3614220000e-01 -2.5163360000e-01 
4.8000000000e+02 -6.1283470000e-01 3.1912310000e-01 
4.8100000000e+02 -4.5942020000e-01 3.6994080000e-01 
4.8200000000e+02 -3.3629810000e-01 4.5453960000e-01 
4.8300000000e+02 -2.5142300000e-01 5.7671860000e-01 
4.8400000000e+02 -3.7709570000e-01 8.8072500000e-01 
4.8500000000e+02 -3.1334740000e-01 6.6175050000e-01 
4.8600000000e+02 -4.2394240000e-01 7.3910360000e-01 
4.8700000000e+02 -6.3254580000e-01 5.7435190000e-01 
4.8800000000e+02 -4.9874090000e-01 1.6003380000e-01 
4.8900000000e+02 -1.3975780000e-01 8.3423050000e-02 
4.9000000000e+02 1.2100550000e-01 1.7291730000e-01 
4.9100000000e+02 9.2597480000e-03 -1.1559780000e-01 
4.9200000000e+02 3.7297270000e-01 7.5627870000e-01 
4.9300000000e+02 -1.5936450000e-01 6.5259110000e-01 
4.9400000000e+02 -3.2444250000e-02 -1.1079420000e-01 
4.9500000000e+02 8.1105940000e-01 -3.0923110000e-02 
4.9600000000e+02 9.6510710000e-01 5.1811910000e-01 
4.9700000000e+02 8.3803880000e-01 7.7676610000e-01 
4.9800000000e+02 7.4435650000e-01 8.8727710000e-01 
4.9900000000e+02 7.0157810000e-01 9.8771190000e-01 
5.0000000000e+02 6.2381420000e-01 1.1712530000e+00 
5.0100000000e+02 3.1189270000e-01 1.2805330000e+00 
5.0200000000e+02 1.1132660000e-01 1.1138890000e+00 
5.0300000000e+02 6.0472470000e-02 1.0081610000e+00 
5.0400000000e+02 9.2464570000e-04 9.5695250000e-01 
5.0500000000e+02 -9.1747840000e-02 8.9090250000e-01 
5.0600000000e+02 -2.0956990000e-01 6.8935600000e-01 
5.0700000000e+02 -6.1245960000e-02 8.0743080000e-01 
5.0800000000e+02 -1.5780570000e-01 7.7335960000e-01 
5.0900000000e+02 -2.2143990000e-01 7.0177140000e-01 
5.1000000000e+02 -2.4213910000e-01 6.3325390000e-01 
5.1100000000e+02 -2.4268040000e-01 5.9221690000e-01 
5.1200000000e+02 -2.4931140000e-01 5.7961390000e-01 
5.1300000000e+02 -2.8173960000e-01 5.7935590000e-01 
5.1400000000e+02 -3.4210950000e-01 5.6513190000e-01 
5.1500000000e+02 -4.1516600000e-01 5.1972880000e-01 
5.1600000000e+02 -4.9340740000e-01 4.3918090000e-01 
5.1700000000e+02 -6.0831400000e-01 2.5749930000e-01 
5.1800000000e+02 -3.7755100000e-01 -2.0713290000e-01 
5.1900000000e+02 3.0090870000e-01 4.2559200000e-02 
5.2000000000e+02 -5.1135130000e-01 3.0817960000e-01 
5.2100000000e+02 -3.5593330000e-01 3.7641090000e-01 
5.2200000000e+02 -2.3644130000e-01 4.7897240000e-01 
5.2300000000e+02 -1.6280590000e-01 6.2317100000e-01 
5.2400000000e+02 -5.1140600000e-01 8.3331640000e-01 
5.2500000000e+02 -2.5233680000e-01 6.9317010000e-01 
5.2600000000e+02 -3.9379280000e-01 7.4243150000e-01 
5.2700000000e+02 -5.8760300000e-01 4.9121690000e-01 
5.2800000000e+02 -2.9680500000e-01 7.9365540000e-02 
5.2900000000e+02 8.4550820000e-02 1.4047810000e-01 
5.3000000000e+02 2.1792310000e-01 3.1626030000e-01 
5.3100000000e+02 6.9219960000e-01 5.7775280000e-01 
5.3200000000e+02 1.9068260000e-01 8.2060710000e-01 
5.3300000000e+02 -1.0158680000e-01 3.9950330000e-01 
5.3400000000e+02 3.7756860000e-01 -6.8782580000e-02 
5.3500000000e+02 9.7837710000e-01 3.1916230000e-01 
5.3600000000e+02 9.0051570000e-01 7.6350000000e-01 
5.3700000000e+02 7.3498700000e-01 9.0043730000e-01 
5.3800000000e+02 6.5026950000e-01 9.4783470000e-01 
5.3900000000e+02 5.9577920000e-01 1.0579500000e+00 
5.4000000000e+02 3.1943740000e-01 1.0721150000e+00 
5.4100000000e+02 2.7602140000e-01 9.2844740000e-01 
5.4200000000e+02 2.5952560000e-01 8.9571840000e-01 
5.4300000000e+02 1.9768670000e-01 8.9192870000e-01 
5.4400000000e+02 3.8224710000e-02 8.1922890000e-01 
5.4500000000e+02 7.5178740000e-02 6.4851360000e-01 
5.4600000000e+02 1.7983980000e-01 6.4754210000e-01 
5.4700000000e+02 1.2526880000e-01 7.0204140000e-01 
5.4800000000e+02 5.2771740000e-02 6.8651550000e-01 
5.4900000000e+02 2.8763810000e-03 6.5344570000e-01 
5.5000000000e+02 -3.4786250000e-02 6.2745040000e-01 
5.5100000000e+02 -7.6271020000e-02 6.1022010000e-01 
5.5200000000e+02 -1.2855870000e-01 5.9070990000e-01 
5.5300000000e+02 -1.8491410000e-01 5.5946220000e-01 
5.5400000000e+02 -2.3427170000e-01 5.2316450000e-01 
5.5500000000e+02 -2.9298290000e-01 5.1487210000e-01 
5.5600000000e+02 -5.4141700000e-01 4.6659620000e-01 
5.5700000000e+02 -5.5240700000e-01 -2.9632120000e-02 
5.5800000000e+02 -4.3871500000e-02 -2.5318420000e-01 
5.5900000000e+02 2.3672070000e-01 2.7173630000e-01 
5.6000000000e+02 -4.0563370000e-01 2.9947050000e-01 
5.6100000000e+02 -2.4718030000e-01 3.8638920000e-01 
5.6200000000e+02 -1.3100930000e-01 5.0844790000e-01 
5.6300000000e+02 -7.0353030000e-02 6.7696500000e-01 
5.6400000000e+02 -4.6069030000e-01 6.6033250000e-01 
5.6500000000e+02 -1.8215850000e-01 7.2443800000e-01 
5.6600000000e+02 -3.4291850000e-01 7.3893150000e-01 
5.6700000000e+02 -4.8379790000e-01 4.0211230000e-01 
5.6800000000e+02 -1.7526940000e-02 7.3530050000e-02 
5.6900000000e+02 3.1972490000e-01 3.0682050000e-01 
5.7000000000e+02 2.0058380000e-01 2.5182910000e-01 
5.7100000000e+02 4.6638870000e-01 9.1575150000e-01 
5.7200000000e+02 4.4876180000e-02 8.3907120000e-01 
5.7300000000e+02 -4.7486370000e-02 3.6196430000e-01 
5.7400000000e+02 5.4412870000e-01 3.8725660000e-02 
5.7500000000e+02 9.3816800000e-01 5.4322100000e-01 
5.7600000000e+02 7.6381150000e-01 8.4085420000e-01 
5.7700000000e+02 6.1857130000e-01 8.8221770000e-01 
5.7800000000e+02 5.4476420000e-01 8.8628690000e-01 
5.7900000000e+02 4.7401410000e-01 8.2780460000e-01 
5.8000000000e+02 4.6728600000e-01 7.9940810000e-01 
5.8100000000e+02 4.3882580000e-01 7.8375260000e-01 
5.8200000000e+02 4.6705150000e-01 6.8187390000e-01 
5.8300000000e+02 4.3361860000e-01 7.6523550000e-01 
5.8400000000e+02 3.3218200000e-01 7.2818540000e-01 
5.8500000000e+02 3.5769690000e-01 5.6205320000e-01 
5.8600000000e+02 4.5264060000e-01 6.3814720000e-01 
5.8700000000e+02 4.0028810000e-01 6.9598420000e-01 
5.8800000000e+02 3.3710730000e-01 7.1184710000e-01 
5.8900000000e+02 2.7500590000e-01 7.1600020000e-01 
5.9000000000e+02 2.0897490000e-01 7.1413510000e-01 
5.9100000000e+02 1.3954530000e-01 7.0346900000e-01 
5.9200000000e+02 7.3917790000e-02 6.8813980000e-01 
5.9300000000e+02 1.1149530000e-02 6.9265290000e-01 
5.9400000000e+02 -1.1773880000e-01 7.7211500000e-01 
5.9500000000e+02 -6.2917530000e-01 6.7190370000e-01 
5.9600000000e+02 -5.9646970000e-01 1.9914100000e-03 
5.9700000000e+02 -2.5352420000e-01 -3.1443600000e-01 
5.9800000000e+02 2.4260390000e-01 -1.8873080000e-01 
5.9900000000e+02 3.2627060000e-01 8.5637120000e-02 
6.0000000000e+02 -2.8845270000e-01 2.9862180000e-01 
6.0100000000e+02 -1.2763600000e-01 4.0914630000e-01 
6.0200000000e+02 -1.7323350000e-02 5.5457500000e-01 
6.0300000000e+02 2.4842440000e-02 7.5155010000e-01 
6.0400000000e+02 -2.8811860000e-01 6.0289430000e-01 
6.0500000000e+02 -1.0210480000e-01 7.7155710000e-01 
6.0600000000e+02 -2.6734850000e-01 7.5155940000e-01 
6.0700000000e+02 -3.1171900000e-01 3.5830280000e-01 
6.0800000000e+02 2.8900980000e-01 2.3502990000e-01 
6.0900000000e+02 4.2861730000e-01 6.4625690000e-01 
6.1000000000e+02 7.1352080000e-01 8.8471620000e-01 
6.1100000000e+02 7.1181890000e-02 1.0040220000e+00 
6.1200000000e+02 -1.3155810000e-01 7.0095400000e-01 
6.1300000000e+02 -1.3138450000e-02 1.8812200000e-01 
6.1400000000e+02 6.8751880000e-01 7.3576020000e-02 
6.1500000000e+02 8.7735640000e-01 6.0261380000e-01 
6.1600000000e+02 6.8224800000e-01 7.6927600000e-01 
6.1700000000e+02 5.2072240000e-01 5.9497730000e-01 
6.1800000000e+02 6.7815110000e-01 7.0167190000e-01 
6.1900000000e+02 6.1977150000e-01 6.6532290000e-01 
6.2000000000e+02 9.1710520000e-01 2.8771070000e-01 
6.2100000000e+02 8.5601550000e-01 8.0404960000e-01 
6.2200000000e+02 7.7264740000e-01 8.2270360000e-01 
6.2300000000e+02 6.9862820000e-01 8.3174840000e-01 
6.2400000000e+02 6.0701780000e-01 7.4974980000e-01 
6.2500000000e+02 7.5099720000e-01 6.7180700000e-01 
6.2600000000e+02 7.7357090000e-01 8.1264250000e-01 
6.2700000000e+02 7.0345130000e-01 9.0037100000e-01 
6.2800000000e+02 6.1218880000e-01 9.5900420000e-01 
6.2900000000e+02 5.0354570000e-01 9.9873340000e-01 
6.3000000000e+02 3.8114920000e-01 1.0173440000e+00 
6.3100000000e+02 2.5201790000e-01 1.0193900000e+00 
6.3200000000e+02 1.0570340000e-01 1.0287500000e+00 
6.3300000000e+02 -1.6480180000e-01 1.0705710000e+00 
6.3400000000e+02 -7.8884250000e-01 6.1842900000e-01 
6.3500000000e+02 -3.1878970000e-01 -1.3861330000e-02 
6.3600000000e+02 -9.4347660000e-02 -8.2882050000e-02 
6.3700000000e+02 1.6992090000e-01 -2.0638420000e-01 
6.3800000000e+02 5.1997250000e-01 -1.2935790000e-01 
6.3900000000e+02 6.3016190000e-01 2.0003280000e-01 
6.4000000000e+02 -1.5823780000e-01 3.2086570000e-01 
6.4100000000e+02 -3.3285740000e-03 4.6136240000e-01 
6.4200000000e+02 9.1783540000e-02 6.3219750000e-01 
6.4300000000e+02 1.0390210000e-01 8.5767310000e-01 
6.4400000000e+02 -1.3103390000e-01 6.4437910000e-01 
6.4500000000e+02 -3.2106080000e-02 8.4594650000e-01 
6.4600000000e+02 -1.9240190000e-01 7.9999460000e-01 
6.4700000000e+02 -1.2815120000e-01 4.1156000000e-01 
6.4800000000e+02 4.3731640000e-01 5.6124500000e-01 
6.4900000000e+02 2.2780290000e-01 9.0131000000e-01 
6.5000000000e+02 1.0481810000e-01 1.1316100000e+00 
6.5100000000e+02 -1.4092890000e-01 7.3904270000e-01 
6.5200000000e+02 -1.3454590000e-01 4.0512520000e-01 
6.5300000000e+02 2.2450090000e-01 -1.5146440000e-02 
6.5400000000e+02 8.9651630000e-01 1.2950180000e-01 
6.5500000000e+02 9.1016590000e-01 5.9966290000e-01 
6.5600000000e+02 9.0177640000e-01 2.5704400000e-01 
6.5700000000e+02 8.5589920000e-01 6.7327150000e-01 
6.5800000000e+02 7.2432790000e-01 4.7626380000e-01 
6.5900000000e+02 1.5730120000e+00 8.2531710000e-01 
6.6000000000e+02 1.1659840000e+00 9.9569520000e-01 
6.6100000000e+02 1.0693400000e+00 1.0274260000e+00 
6.6200000000e+02 9.9766920000e-01 1.0666120000e+00 
6.6300000000e+02 8.9557590000e-01 1.0853690000e+00 
6.6400000000e+02 8.3390980000e-01 9.6815140000e-01 
6.6500000000e+02 9.6458000000e-01 1.0345290000e+00 
6.6600000000e+02 8.9726880000e-01 1.1819140000e+00 
6.6700000000e+02 7.6770390000e-01 1.2744970000e+00 
6.6800000000e+02 6.0669930000e-01 1.3298230000e+00 
6.6900000000e+02 4.2180300000e-01 1.3442300000e+00 
6.7000000000e+02 2.2441510000e-01 1.3138430000e+00 
6.7100000000e+02 1.2697960000e-02 1.2455210000e+00 
6.7200000000e+02 -2.8445050000e-01 1.1121240000e+00 
6.7300000000e+02 -5.2106880000e-01 4.3290270000e-01 
6.7400000000e+02 1.9195830000e-02 3.4042260000e-01 
6.7500000000e+02 -6.8191410000e-02 3.5224810000e-01 
6.7600000000e+02 4.5726420000e-02 6.0696760000e-02 
6.7700000000e+02 3.3303760000e-01 -1.1870860000e-01 
6.7800000000e+02 7.9787650000e-01 5.3377510000e-02 
6.7900000000e+02 8.0888460000e-01 4.5720620000e-01 
6.8000000000e+02 -3.4604610000e-02 3.8292330000e-01 
6.8100000000e+02 9.8424100000e-02 5.4762910000e-01 
6.8200000000e+02 1.6933190000e-01 7.3350560000e-01 
6.8300000000e+02 1.4301160000e-01 9.7853230000e-01 
6.8400000000e+02 -2.2349230000e-02 7.2617320000e-01 
6.8500000000e+02 8.7583110000e-03 9.2766180000e-01 
6.8600000000e+02 -1.4324640000e-01 8.6242910000e-01 
6.8700000000e+02 -2.1711210000e-03 5.2598090000e-01 
6.8800000000e+02 3.7805670000e-01 8.4148450000e-01 
6.8900000000e+02 1.3836960000e-01 8.6911150000e-01 
6.9000000000e+02 -2.5661030000e-01 8.7864790000e-01 
6.9100000000e+02 -8.0723470000e-02 3.9092030000e-01 
6.9200000000e+02 1.9821450000e-01 1.6643750000e-01 
6.9300000000e+02 6.2017090000e-01 4.8410580000e-02 
6.9400000000e+02 1.0703990000e+00 3.4573400000e-01 
6.9500000000e+02 1.2598540000e+00 4.9226840000e-01 
6.9600000000e+02 9.7644600000e-01 7.3883030000e-01 
6.9700000000e+02 8.5724070000e-01 3.6709450000e-01 
6.9800000000e+02 1.8651080000e+00 1.1038110000e+00 
6.9900000000e+02 1.3246330000e+00 1.2817530000e+00 
7.0000000000e+02 1.1773400000e+00 1.2971070000e+00 
7.0100000000e+02 1.0892160000e+00 1.3259000000e+00 
7.0200000000e+02 9.9607280000e-01 1.3618410000e+00 
7.0300000000e+02 8.5864970000e-01 1.3594550000e+00 
7.0400000000e+02 8.4309650000e-01 1.2302960000e+00 
7.0500000000e+02 8.6876260000e-01 1.3379970000e+00 
7.0600000000e+02 7.5398710000e-01 1.4183170000e+00 
7.0700000000e+02 6.0915200000e-01 1.4555450000e+00 
7.0800000000e+02 4.4192460000e-01 1.4595520000e+00 
7.0900000000e+02 2.5739420000e-01 1.4198590000e+00 
7.1000000000e+02 6.7517320000e-02 1.3265670000e+00 
7.1100000000e+02 -1.3141260000e-01 1.1606990000e+00 
7.1200000000e+02 -2.2798360000e-01 7.5819970000e-01 
7.1300000000e+02 1.7331760000e-02 7.0969140000e-01 
7.1400000000e+02 -1.4050490000e-01 5.3551950000e-01 
7.1500000000e+02 3.5402760000e-02 3.4614740000e-01 
7.1600000000e+02 1.5337050000e-01 1.6740680000e-01 
7.1700000000e+02 5.4174450000e-01 -6.9902470000e-03 
7.1800000000e+02 9.7162130000e-01 3.7828940000e-01 
7.1900000000e+02 8.5616650000e-01 7.6421940000e-01 
7.2000000000e+02 4.9113950000e-02 4.6790510000e-01 
7.2100000000e+02 1.6145360000e-01 6.3643130000e-01 
7.2200000000e+02 2.1670980000e-01 8.2699830000e-01 
7.2300000000e+02 1.5256280000e-01 1.0894670000e+00 
7.2400000000e+02 5.2795360000e-02 8.1309660000e-01 
7.2500000000e+02 3.6372350000e-02 1.0019420000e+00 
7.2600000000e+02 -1.0476630000e-01 9.2834280000e-01 
7.2700000000e+02 5.9980760000e-02 6.6247640000e-01 
7.2800000000e+02 2.4103460000e-01 9.9771640000e-01 
7.2900000000e+02 2.9864420000e-02 1.0263130000e+00 
7.3000000000e+02 -2.8431330000e-01 4.3749380000e-01 
7.3100000000e+02 3.4440660000e-01 2.3654780000e-01 
7.3200000000e+02 5.6911210000e-01 3.8059280000e-01 
7.3300000000e+02 7.3163260000e-01 3.7514160000e-01 
7.3400000000e+02 1.1533540000e+00 4.0698070000e-01 
7.3500000000e+02 1.0296780000e+00 7.3753180000e-01 
7.3600000000e+02 9.6030840000e-01 4.5392640000e-01 
7.3700000000e+02 2.1636290000e+00 1.0537970000e+00 
7.3800000000e+02 1.3660310000e+00 1.5059200000e+00 
7.3900000000e+02 1.1511330000e+00 1.4713730000e+00 
7.4000000000e+02 1.0580940000e+00 1.4703520000e+00 
7.4100000000e+02 9.6948960000e-01 1.5021290000e+00 
7.4200000000e+02 8.3942790000e-01 1.5135980000e+00 
7.4300000000e+02 6.8712350000e-01 1.4409700000e+00 
7.4400000000e+02 7.3470170000e-01 1.2993700000e+00 
7.4500000000e+02 7.4203480000e-01 1.3747200000e+00 
7.4600000000e+02 6.5926460000e-01 1.4308480000e+00 
7.4700000000e+02 5.3627080000e-01 1.4640500000e+00 
7.4800000000e+02 3.7965500000e-01 1.4626230000e+00 
7.4900000000e+02 2.0429490000e-01 1.4092340000e+00 
7.5000000000e+02 2.5603040000e-02 1.2931610000e+00 
7.5100000000e+02 -1.3616840000e-01 1.0371750000e+00 
7.5200000000e+02 2.5533290000e-02 8.7377190000e-01 
7.5300000000e+02 -5.3723010000e-02 6.8512270000e-01 
7.5400000000e+02 6.9778910000e-02 5.7260630000e-01 
7.5500000000e+02 1.2307990000e-01 4.7017310000e-01 
7.5600000000e+02 2.5226460000e-01 2.7888840000e-01 
7.5700000000e+02 7.0573620000e-01 2.1522080000e-01 
7.5800000000e+02 9.4585570000e-01 7.5449240000e-01 
7.5900000000e+02 6.9180170000e-01 1.1664320000e+00 
7.6000000000e+02 1.0375130000e-01 5.3521790000e-01 
7.6100000000e+02 2.1445880000e-01 7.0922230000e-01 
7.6200000000e+02 2.6039290000e-01 9.1526770000e-01 
7.6300000000e+02 1.4366790000e-01 1.2038890000e+00 
7.6400000000e+02 1.0289270000e-01 9.1023510000e-01 
7.6500000000e+02 4.7070020000e-02 1.0840500000e+00 
7.6600000000e+02 -9.7508210000e-02 1.0114570000e+00 
7.6700000000e+02 3.2725490000e-02 7.7887480000e-01 
7.6800000000e+02 8.9470330000e-02 1.0424890000e+00 
7.6900000000e+02 -2.3646100000e-01 9.2542180000e-01 
7.7000000000e+02 1.0574320000e-01 1.9283400000e-01 
7.7100000000e+02 6.0261360000e-01 4.9682140000e-01 
7.7200000000e+02 5.5695570000e-01 6.5328310000e-01 
7.7300000000e+02 5.6643760000e-01 2.4975030000e-01 
7.7400000000e+02 1.0318230000e+00 4.2948700000e-01 
7.7500000000e+02 1.1125170000e+00 4.7765520000e-01 
7.7600000000e+02 2.0270210000e+00 5.4886780000e-01 
7.7700000000e+02 1.4730840000e+00 1.6308790000e+00 
7.7800000000e+02 1.1391020000e+00 1.5349180000e+00 
7.7900000000e+02 1.0216270000e+00 1.5367660000e+00 
7.8000000000e+02 8.7137180000e-01 1.4729770000e+00 
7.8100000000e+02 8.4067740000e-01 1.3966100000e+00 
7.8200000000e+02 8.1500210000e-01 1.3857750000e+00 
7.8300000000e+02 6.9041860000e-01 1.3336970000e+00 
7.8400000000e+02 8.1113130000e-01 1.2097350000e+00 
7.8500000000e+02 8.3945320000e-01 1.3023140000e+00 
7.8600000000e+02 7.8502240000e-01 1.3839860000e+00 
7.8700000000e+02 6.8035990000e-01 1.4484800000e+00 
7.8800000000e+02 5.3375920000e-01 1.4798390000e+00 
7.8900000000e+02 3.5611120000e-01 1.4619680000e+00 
7.9000000000e+02 1.3763580000e-01 1.3411190000e+00 
7.9100000000e+02 2.1397340000e-01 1.1896380000e+00 
7.9200000000e+02 8.3009220000e-02 1.0140440000e+00 
7.9300000000e+02 1.2058520000e-01 9.2824630000e-01 
7.9400000000e+02 8.2707170000e-02 8.5499850000e-01 
7.9500000000e+02 3.3341060000e-02 6.8844970000e-01 
7.9600000000e+02 1.3879160000e-01 3.9976350000e-01 
7.9700000000e+02 6.1073130000e-01 3.5028530000e-01 
7.9800000000e+02 6.6599400000e-01 7.8318290000e-01 
7.9900000000e+02 4.2336240000e-01 8.4189170000e-01 
8.0000000000e+02 1.6535250000e-01 5.9386720000e-01 
8.0100000000e+02 2.6866700000e-01 7.9362710000e-01 
8.0200000000e+02 2.8691330000e-01 1.0226690000e+00 
8.0300000000e+02 8.0539260000e-02 1.3264690000e+00 
8.0400000000e+02 1.0118330000e-01 1.0042480000e+00 
8.0500000000e+02 8.8949500000e-03 1.1485690000e+00 
8.0600000000e+02 -1.5462880000e-01 1.0581740000e+00 
8.0700000000e+02 -5.2442660000e-02 7.7233570000e-01 
8.0800000000e+02 -2.3540510000e-02 9.5917290000e-01 
8.0900000000e+02 -2.1219880000e-01 5.6565890000e-01 
8.1000000000e+02 4.3001330000e-01 2.3280450000e-01 
8.1100000000e+02 6.9632850000e-01 6.5748430000e-01 
8.1200000000e+02 1.4712590000e-01 3.3523120000e-01 
8.1300000000e+02 7.1913680000e-01 1.2107130000e-01 
8.1400000000e+02 1.3511810000e+00 2.9701380000e-01 
8.1500000000e+02 1.7306010000e+00 5.7378140000e-01 
8.1600000000e+02 1.8493240000e+00 1.5852280000e+00 
8.1700000000e+02 1.2298300000e+00 1.6038190000e+00 
8.1800000000e+02 9.8043900000e-01 1.4520100000e+00 
8.1900000000e+02 1.0378760000e+00 1.3158030000e+00 
8.2000000000e+02 1.1027390000e+00 1.3131620000e+00 
8.2100000000e+02 1.1418720000e+00 1.3649570000e+00 
8.2200000000e+02 1.1211910000e+00 1.4749340000e+00 
8.2300000000e+02 8.9277840000e-01 1.3924610000e+00 
8.2400000000e+02 1.1109280000e+00 1.3714450000e+00 
8.2500000000e+02 1.1099170000e+00 1.5311610000e+00 
8.2600000000e+02 1.0171560000e+00 1.6758930000e+00 
8.2700000000e+02 8.5390420000e-01 1.7964830000e+00 
8.2800000000e+02 6.2305740000e-01 1.8722070000e+00 
8.2900000000e+02 3.0705180000e-01 1.8506340000e+00 
8.3000000000e+02 1.3384430000e-01 1.7153370000e+00 
8.3100000000e+02 -3.6531770000e-02 1.4449510000e+00 
8.3200000000e+02 -8.4230530000e-02 1.2662010000e+00 
8.3300000000e+02 -1.5222120000e-01 1.0894440000e+00 
8.3400000000e+02 -2.0417630000e-01 8.3492530000e-01 
8.3500000000e+02 -1.2108630000e-01 4.7417370000e-01 
8.3600000000e+02 2.7805250000e-01 1.5182820000e-01 
8.3700000000e+02 9.0932200000e-01 3.5391900000e-01 
8.3800000000e+02 9.0085310000e-01 8.8516310000e-01 
8.3900000000e+02 7.1011720000e-01 1.0347150000e+00 
8.4000000000e+02 2.2087700000e-01 6.7675260000e-01 
8.4100000000e+02 2.8733640000e-01 8.9776800000e-01 
8.4200000000e+02 2.5814340000e-01 1.1263810000e+00 
8.4300000000e+02 -6.8840020000e-02 1.3959650000e+00 
8.4400000000e+02 5.1902490000e-02 1.0300640000e+00 
8.4500000000e+02 -4.9737690000e-02 1.1207710000e+00 
8.4600000000e+02 -2.0572940000e-01 9.8084870000e-01 
8.4700000000e+02 -2.1380170000e-02 5.8782610000e-01 
8.4800000000e+02 5.1573090000e-02 7.7551940000e-01 
8.4900000000e+02 1.4814390000e-01 3.7717950000e-01 
8.5000000000e+02 8.8607370000e-01 4.1890140000e-01 
8.5100000000e+02 -5.2022680000e-01 1.0221480000e+00 
8.5200000000e+02 7.2270200000e-01 3.9527180000e-01 
8.5300000000e+02 1.1620560000e+00 2.1439690000e-01 
8.5400000000e+02 1.7548620000e+00 6.6620070000e-01 
8.5500000000e+02 1.9265680000e+00 1.2125320000e+00 
8.5600000000e+02 1.3237970000e+00 1.7990990000e+00 
8.5700000000e+02 1.2119950000e+00 1.4400900000e+00 
8.5800000000e+02 1.2934470000e+00 1.4595930000e+00 
8.5900000000e+02 1.3272300000e+00 1.5302710000e+00 
8.6000000000e+02 1.3400400000e+00 1.6233350000e+00 
8.6100000000e+02 1.3253770000e+00 1.7560490000e+00 
8.6200000000e+02 1.1693150000e+00 1.9834440000e+00 
8.6300000000e+02 9.0553340000e-01 1.6023770000e+00 
8.6400000000e+02 1.1183720000e+00 1.7514120000e+00 
8.6500000000e+02 1.0409630000e+00 1.9277510000e+00 
8.6600000000e+02 8.6946840000e-01 2.0636750000e+00 
8.6700000000e+02 6.2011470000e-01 2.1540990000e+00 
8.6800000000e+02 2.7108180000e-01 2.1586470000e+00 
8.6900000000e+02 -4.3735940000e-02 1.9641870000e+00 
8.7000000000e+02 -2.1958260000e-01 1.6374350000e+00 
8.7100000000e+02 -2.5302200000e-01 1.3549910000e+00 
8.7200000000e+02 -2.3052360000e-01 1.1033130000e+00 
8.7300000000e+02 -1.1767690000e-01 8.8706950000e-01 
8.7400000000e+02 -3.4819650000e-02 7.2822090000e-01 
8.7500000000e+02 1.1710490000e-01 4.9729600000e-01 
8.7600000000e+02 5.6429050000e-01 2.9888600000e-01 
8.7700000000e+02 1.0193440000e+00 7.9621980000e-01 
8.7800000000e+02 7.6065060000e-01 1.1892830000e+00 
8.7900000000e+02 5.9109990000e-01 1.1274980000e+00 
8.8000000000e+02 2.2830640000e-01 7.7052490000e-01 
8.8100000000e+02 2.4732830000e-01 9.7359370000e-01 
8.8200000000e+02 1.8513650000e-01 1.1624710000e+00 
8.8300000000e+02 -2.5435190000e-01 1.3176320000e+00 
8.8400000000e+02 5.0935660000e-02 9.3691600000e-01 
8.8500000000e+02 1.4570270000e-02 9.8570700000e-01 
8.8600000000e+02 -5.7832390000e-02 8.3774540000e-01 
8.8700000000e+02 3.5296190000e-01 4.6283480000e-01 
8.8800000000e+02 3.3217810000e-01 8.4001650000e-01 
8.8900000000e+02 6.0928630000e-01 6.6331560000e-01 
8.9000000000e+02 8.4001320000e-01 1.7047420000e+00 
8.9100000000e+02 8.8570450000e-01 6.1054000000e-01 
8.9200000000e+02 9.3319070000e-01 7.7813060000e-01 
8.9300000000e+02 1.3201840000e+00 6.2231460000e-01 
8.9400000000e+02 1.7396280000e+00 1.1815530000e+00 
8.9500000000e+02 1.4474960000e+00 1.7163480000e+00 
8.9600000000e+02 1.3252680000e+00 1.6034250000e+00 
8.9700000000e+02 1.3207580000e+00 1.6810510000e+00 
8.9800000000e+02 1.3023470000e+00 1.7614760000e+00 
8.9900000000e+02 1.2804530000e+00 1.8477650000e+00 
9.0000000000e+02 1.2458160000e+00 1.9548140000e+00 
9.0100000000e+02 1.1626530000e+00 2.1126070000e+00 
9.0200000000e+02 7.4042810000e-01 2.3192320000e+00 
9.0300000000e+02 8.8345770000e-01 1.7021220000e+00 
9.0400000000e+02 9.5408540000e-01 1.9735510000e+00 
9.0500000000e+02 8.0739880000e-01 2.1207810000e+00 
9.0600000000e+02 5.8883450000e-01 2.1951650000e+00 
9.0700000000e+02 5.0258400000e-01 2.2149200000e+00 
9.0800000000e+02 3.3486200000e-02 2.0560030000e+00 
9.0900000000e+02 -1.2591240000e-01 1.7890410000e+00 
9.1000000000e+02 -1.6548850000e-01 1.5612510000e+00 
9.1100000000e+02 -1.4834750000e-01 1.3751920000e+00 
9.1200000000e+02 -1.3240730000e-01 1.2084370000e+00 
9.1300000000e+02 -8.3144090000e-02 1.0412780000e+00 
9.1400000000e+02 2.4145160000e-02 8.5201730000e-01 
9.1500000000e+02 2.6243330000e-01 8.6691350000e-01 
9.1600000000e+02 4.7131250000e-01 6.1894270000e-01 
9.1700000000e+02 8.4048760000e-01 1.0678190000e+00 
9.1800000000e+02 5.6408610000e-01 1.2683450000e+00 
9.1900000000e+02 8.2785190000e-01 1.2619710000e+00 
9.2000000000e+02 1.8454840000e-01 8.1968140000e-01 
9.2100000000e+02 1.8949760000e-01 9.6485090000e-01 
9.2200000000e+02 1.5039860000e-01 1.0951530000e+00 
9.2300000000e+02 -3.1319890000e-01 1.0625910000e+00 
9.2400000000e+02 2.6017410000e-01 8.2798790000e-01 
9.2500000000e+02 3.1303750000e-01 9.8739810000e-01 
9.2600000000e+02 2.3716450000e-01 9.7734350000e-01 
9.2700000000e+02 7.4892270000e-01 7.9794510000e-01 
9.2800000000e+02 8.1243590000e-01 1.0904920000e+00 
9.2900000000e+02 6.1849770000e-01 1.2153150000e+00 
9.3000000000e+02 5.4575390000e-01 5.2323870000e-01 
9.3100000000e+02 9.0141330000e-01 1.0758950000e+00 
9.3200000000e+02 8.1721950000e-01 1.0920680000e+00 
9.3300000000e+02 1.2345000000e+00 9.4964130000e-01 
9.3400000000e+02 1.1745010000e+00 1.4878880000e+00 
9.3500000000e+02 1.3778900000e+00 1.6108460000e+00 
9.3600000000e+02 1.2672190000e+00 1.7653700000e+00 
9.3700000000e+02 1.2082130000e+00 1.8550150000e+00 
9.3800000000e+02 1.1656270000e+00 1.9341300000e+00 
9.3900000000e+02 1.1224800000e+00 2.0207100000e+00 
9.4000000000e+02 1.0570370000e+00 2.1296800000e+00 
9.4100000000e+02 9.0752500000e-01 2.2884290000e+00 
9.4200000000e+02 1.2658680000e-01 2.1917330000e+00 
9.4300000000e+02 9.2999810000e-01 1.8706440000e+00 
9.4400000000e+02 7.8143490000e-01 2.1162490000e+00 
9.4500000000e+02 5.9267580000e-01 2.1707880000e+00 
9.4600000000e+02 4.7092070000e-01 2.2372980000e+00 
9.4700000000e+02 1.9784320000e-01 2.2397140000e+00 
9.4800000000e+02 -5.5540440000e-02 2.0828800000e+00 
9.4900000000e+02 -2.2442390000e-01 1.8763380000e+00 
9.5000000000e+02 -2.5638480000e-01 1.6793640000e+00 
9.5100000000e+02 -2.8753710000e-01 1.4761900000e+00 
9.5200000000e+02 -2.6172530000e-01 1.2692310000e+00 
9.5300000000e+02 -7.9816950000e-02 1.0389330000e+00 
9.5400000000e+02 -1.5381880000e-01 1.1862520000e+00 
9.5500000000e+02 -7.0241930000e-02 8.9054820000e-01 
9.5600000000e+02 2.9632020000e-01 6.7224190000e-01 
9.5700000000e+02 6.8246740000e-01 1.0648130000e+00 
9.5800000000e+02 5.4089610000e-01 1.3237690000e+00 
9.5900000000e+02 4.5421020000e-01 2.0165740000e+00 
9.6000000000e+02 1.4286830000e-01 7.8513830000e-01 
9.6100000000e+02 2.0546420000e-01 8.6807580000e-01 
9.6200000000e+02 2.7287030000e-01 9.9711330000e-01 
9.6300000000e+02 -8.3514320000e-02 8.3412570000e-01 
9.6400000000e+02 5.7184670000e-01 1.0099820000e+00 
9.6500000000e+02 4.8780110000e-01 1.3074350000e+00 
9.6600000000e+02 2.4554680000e-01 1.2979590000e+00 
9.6700000000e+02 7.7162050000e-01 1.2533280000e+00 
9.6800000000e+02 5.0180060000e-01 1.5507970000e+00 
9.6900000000e+02 -5.3540790000e-01 1.4471250000e+00 
9.7000000000e+02 6.7249020000e-01 9.5152240000e-01 
9.7100000000e+02 7.3048410000e-01 1.3105590000e+00 
9.7200000000e+02 6.3113800000e-01 1.2570040000e+00 
9.7300000000e+02 8.3639490000e-01 1.2534110000e+00 
9.7400000000e+02 1.0969660000e+00 1.2724510000e+00 
9.7500000000e+02 1.2711400000e+00 1.7001680000e+00 
9.7600000000e+02 1.1468590000e+00 1.8483380000e+00 
9.7700000000e+02 1.0780690000e+00 1.9376210000e+00 
9.7800000000e+02 1.0262040000e+00 2.0186820000e+00 
9.7900000000e+02 9.6787710000e-01 2.1088550000e+00 
9.8000000000e+02 8.7019310000e-01 2.2186120000e+00 
9.8100000000e+02 6.3287280000e-01 2.3497350000e+00 
9.8200000000e+02 9.1254500000e-01 1.5557250000e+00 
9.8300000000e+02 6.5549840000e-01 2.1127220000e+00 
9.8400000000e+02 5.9872430000e-01 2.1532170000e+00 
9.8500000000e+02 4.7060610000e-01 2.2187190000e+00 
9.8600000000e+02 2.6598250000e-01 2.2948390000e+00 
9.8700000000e+02 -3.8686690000e-02 2.2437810000e+00 
9.8800000000e+02 9.2439520000e-02 2.0656370000e+00 
9.8900000000e+02 -3.1351290000e-01 1.9196560000e+00 
9.9000000000e+02 -4.2431610000e-01 1.6973510000e+00 
9.9100000000e+02 -4.5133420000e-01 1.4405340000e+00 
9.9200000000e+02 -4.8609480000e-02 1.1901130000e+00 
9.9300000000e+02 -3.7148930000e-01 1.3181930000e+00 
9.9400000000e+02 -3.5097020000e-01 1.1329300000e+00 
9.9500000000e+02 -2.7508980000e-01 7.7275370000e-01 
9.9600000000e+02 3.1536210000e-01 6.1793340000e-01 
9.9700000000e+02 6.2150420000e-01 1.1948820000e+00 
9.9800000000e+02 4.3066340000e-01 1.4352360000e+00 
9.9900000000e+02 -1.6033540000e-01 1.9469520000e+00 
1.0000000000e+03 1.8486960000e-01 6.8408450000e-01 
1.0010000000e+03 3.8207610000e-01 7.9114920000e-01 
1.0020000000e+03 5.1869700000e-01 1.0886630000e+00 
1.0030000000e+03 2.3126590000e-01 9.0580670000e-01 
1.0040000000e+03 6.1426930000e-01 1.3539780000e+00 
1.0050000000e+03 3.8630270000e-01 1.5890610000e+00 
1.0060000000e+03 7.0551700000e-02 1.4625610000e+00 
1.0070000000e+03 5.9870240000e-01 1.5739370000e+00 
1.0080000000e+03 2.4162860000e-01 1.7214750000e+00 
1.0090000000e+03 -5.5011960000e-04 1.1167790000e+00 
1.0100000000e+03 5.7018510000e-01 1.1296240000e+00 
1.0110000000e+03 5.5258430000e-01 1.4269570000e+00 
1.0120000000e+03 4.0215000000e-01 1.3925970000e+00 
1.0130000000e+03 7.7287880000e-01 9.3420190000e-01 
1.0140000000e+03 1.3543650000e+00 1.1725470000e+00 
1.0150000000e+03 1.1525610000e+00 1.7472340000e+00 
1.0160000000e+03 1.0319950000e+00 1.8858520000e+00 
1.0170000000e+03 9.6060970000e-01 1.9778580000e+00 
1.0180000000e+03 9.0100770000e-01 2.0678970000e+00 
1.0190000000e+03 8.1638580000e-01 2.1738940000e+00 
1.0200000000e+03 6.3057380000e-01 2.2546200000e+00 
1.0210000000e+03 4.9621580000e-01 2.1847930000e+00 
1.0220000000e+03 3.6955630000e-01 1.9709620000e+00 
1.0230000000e+03 4.8585710000e-01 2.0307080000e+00 
1.0240000000e+03 4.3753020000e-01 2.1149480000e+00 
1.0250000000e+03 3.1115660000e-01 2.2178320000e+00 
1.0260000000e+03 1.1083710000e-02 2.2686070000e+00 
1.0270000000e+03 1.5695940000e-02 2.1618790000e+00 
1.0280000000e+03 -2.8719900000e-01 2.0762110000e+00 
1.0290000000e+03 -4.7683460000e-01 1.8902210000e+00 
1.0300000000e+03 -5.9571060000e-01 1.6284930000e+00 
1.0310000000e+03 -9.1114190000e-02 1.4063600000e+00 
1.0320000000e+03 -5.3952600000e-01 1.4028290000e+00 
1.0330000000e+03 -5.2874640000e-01 1.2919400000e+00 
1.0340000000e+03 -5.5018810000e-01 9.9537380000e-01 
1.0350000000e+03 -3.2160550000e-01 6.8018360000e-01 
1.0360000000e+03 2.8888690000e-01 6.4914380000e-01 
1.0370000000e+03 4.7644620000e-01 1.2993200000e+00 
1.0380000000e+03 2.0711540000e-01 1.4896450000e+00 
1.0390000000e+03 -4.3965940000e-01 1.6413140000e+00 
1.0400000000e+03 3.6543630000e-01 6.2281920000e-01 
1.0410000000e+03 6.2427280000e-01 9.1491320000e-01 
1.0420000000e+03 6.0808380000e-01 1.3759070000e+00 
1.0430000000e+03 3.5000020000e-01 1.1247810000e+00 
1.0440000000e+03 4.8274230000e-01 1.5726720000e+00 
1.0450000000e+03 2.1667230000e-01 1.7227940000e+00 
1.0460000000e+03 -1.0892590000e-01 1.4845770000e+00 
1.0470000000e+03 3.4742250000e-01 1.7627230000e+00 
1.0480000000e+03 -2.4018250000e-01 1.9007270000e+00 
1.0490000000e+03 -6.9455620000e-02 1.1571680000e+00 
1.0500000000e+03 4.5539310000e-01 1.2186450000e+00 
1.0510000000e+03 3.7740920000e-01 1.4953150000e+00 
1.0520000000e+03 7.8421270000e-02 1.1745500000e+00 
1.0530000000e+03 6.7984660000e-01 9.7625690000e-01 
1.0540000000e+03 1.2625200000e+00 1.4054760000e+00 
1.0550000000e+03 1.0398480000e+00 1.7638290000e+00 
1.0560000000e+03 9.2499510000e-01 1.8982330000e+00 
1.0570000000e+03 8.5043210000e-01 2.0013930000e+00 
1.0580000000e+03 7.5998550000e-01 2.1247800000e+00 
1.0590000000e+03 5.2345080000e-01 2.1546850000e+00 
1.0600000000e+03 5.4077420000e-01 2.0880950000e+00 
1.0610000000e+03 3.7207240000e-01 2.2730470000e+00 
1.0620000000e+03 2.9484870000e-01 1.8313640000e+00 
1.0630000000e+03 3.9379440000e-01 1.9694450000e+00 
1.0640000000e+03 3.2917510000e-01 2.0824440000e+00 
1.0650000000e+03 8.8657500000e-02 2.1808720000e+00 
1.0660000000e+03 4.1998160000e-02 2.1463060000e+00 
1.0670000000e+03 -2.1286990000e-01 2.1267860000e+00 
1.0680000000e+03 -4.4191730000e-01 2.0138830000e+00 
1.0690000000e+03 -6.4345980000e-01 1.8107410000e+00 
1.0700000000e+03 -2.8602690000e-01 1.2839300000e+00 
1.0710000000e+03 -6.9421640000e-01 1.4794500000e+00 
1.0720000000e+03 -6.9895430000e-01 1.3731330000e+00 
1.0730000000e+03 -7.4193030000e-01 1.1179160000e+00 
1.0740000000e+03 -6.7346600000e-01 8.5803770000e-01 
1.0750000000e+03 -4.2568980000e-01 5.6718890000e-01 
1.0760000000e+03 2.0072950000e-01 5.8362250000e-01 
1.0770000000e+03 1.9162750000e-01 1.3225260000e+00 
1.0780000000e+03 2.0505020000e-01 1.3976010000e+00 
1.0790000000e+03 -6.7607070000e-01 1.4522120000e+00 
1.0800000000e+03 5.8735770000e-01 7.3593940000e-01 
1.0810000000e+03 7.0761110000e-01 1.1800810000e+00 
1.0820000000e+03 5.0101000000e-01 1.6256670000e+00 
1.0830000000e+03 3.3115800000e-01 1.2944730000e+00 
1.0840000000e+03 3.3293140000e-01 1.6748520000e+00 
1.0850000000e+03 6.1387250000e-02 1.7703370000e+00 
1.0860000000e+03 -2.5127060000e-01 1.4189480000e+00 
1.0870000000e+03 3.5675330000e-02 1.8191150000e+00 
1.0880000000e+03 -1.6575490000e-01 1.6670760000e+00 
1.0890000000e+03 -1.5474500000e-01 1.1407730000e+00 
1.0900000000e+03 3.3998850000e-01 1.2655360000e+00 
1.0910000000e+03 1.3709770000e-01 1.5117160000e+00 
1.0920000000e+03 7.8765730000e-02 1.1095940000e+00 
1.0930000000e+03 4.4791150000e-01 8.2066270000e-01 
1.0940000000e+03 1.1228090000e+00 1.4625640000e+00 
1.0950000000e+03 9.2984760000e-01 1.7550620000e+00 
1.0960000000e+03 8.1743170000e-01 1.8932900000e+00 
1.0970000000e+03 7.1047960000e-01 2.0321060000e+00 
1.0980000000e+03 4.4675810000e-01 2.0079330000e+00 
1.0990000000e+03 5.1701500000e-01 1.9607960000e+00 
1.1000000000e+03 4.6679920000e-01 2.0566590000e+00 
1.1010000000e+03 1.4064690000e-01 2.2511850000e+00 
1.1020000000e+03 2.9868810000e-01 1.7442370000e+00 
1.1030000000e+03 3.2275730000e-01 1.9227800000e+00 
1.1040000000e+03 1.7014770000e-01 2.0450660000e+00 
1.1050000000e+03 5.8265130000e-02 2.0510130000e+00 
1.1060000000e+03 -1.4171290000e-01 2.0587650000e+00 
1.1070000000e+03 -3.5910050000e-01 2.0096620000e+00 
1.1080000000e+03 -5.9372890000e-01 1.8865690000e+00 
1.1090000000e+03 -8.7003610000e-01 1.4438030000e+00 
1.1100000000e+03 -8.0790550000e-01 1.5291440000e+00 
1.1110000000e+03 -8.5168390000e-01 1.3002540000e+00 
1.1120000000e+03 -8.9605570000e-01 1.0432700000e+00 
1.1130000000e+03 -8.5076580000e-01 7.4779830000e-01 
1.1140000000e+03 -6.1752170000e-01 3.9888260000e-01 
1.1150000000e+03 -1.1161550000e-01 3.2997750000e-01 
1.1160000000e+03 2.9664830000e-01 6.9801380000e-01 
1.1170000000e+03 2.0469520000e-01 8.6392450000e-01 
1.1180000000e+03 5.6302830000e-01 1.7290880000e+00 
1.1190000000e+03 -5.6841070000e-01 1.2557340000e+00 
1.1200000000e+03 6.7801240000e-01 9.6780230000e-01 
1.1210000000e+03 6.3798450000e-01 1.4019350000e+00 
1.1220000000e+03 3.1297280000e-01 1.7727440000e+00 
1.1230000000e+03 2.6970980000e-01 1.3973890000e+00 
1.1240000000e+03 2.0191840000e-01 1.7148930000e+00 
1.1250000000e+03 -7.1915620000e-02 1.7725520000e+00 
1.1260000000e+03 -3.4348640000e-01 1.2815030000e+00 
1.1270000000e+03 -3.6747710000e-01 1.5281330000e+00 
1.1280000000e+03 -3.1053880000e-01 1.6659640000e+00 
1.1290000000e+03 -2.3317700000e-01 1.0997670000e+00 
1.1300000000e+03 2.1601690000e-01 1.2817710000e+00 
1.1310000000e+03 2.0165540000e-02 1.3250970000e+00 
1.1320000000e+03 -2.5632170000e-02 1.0656170000e+00 
1.1330000000e+03 7.0393910000e-01 4.1394890000e-01 
1.1340000000e+03 9.9049980000e-01 1.4550500000e+00 
1.1350000000e+03 8.1560770000e-01 1.7159770000e+00 
1.1360000000e+03 6.8301840000e-01 1.8700400000e+00 
1.1370000000e+03 4.1865640000e-01 1.8612240000e+00 
1.1380000000e+03 4.9898330000e-01 1.8149510000e+00 
1.1390000000e+03 4.5031070000e-01 1.8758720000e+00 
1.1400000000e+03 3.7996860000e-01 1.9786200000e+00 
1.1410000000e+03 -2.1073860000e-01 2.0886540000e+00 
1.1420000000e+03 3.0059330000e-01 1.7101120000e+00 
1.1430000000e+03 1.8562810000e-01 1.8821160000e+00 
1.1440000000e+03 4.8139810000e-02 1.8455100000e+00 
1.1450000000e+03 -7.0296940000e-02 1.8341800000e+00 
1.1460000000e+03 -2.1902850000e-01 1.8086800000e+00 
1.1470000000e+03 -4.0325490000e-01 1.7375180000e+00 
1.1480000000e+03 -6.3878500000e-01 1.5583780000e+00 
1.1490000000e+03 -5.9126950000e-01 1.4501020000e+00 
1.1500000000e+03 -5.7056800000e-01 8.9351150000e-01 
1.1510000000e+03 -3.4737230000e-01 1.1654610000e+00 
1.1520000000e+03 -5.2157280000e-01 1.1877230000e+00 
1.1530000000e+03 -6.4160990000e-01 1.0048970000e+00 
1.1540000000e+03 -6.2136430000e-01 7.3569430000e-01 
1.1550000000e+03 -3.8645310000e-01 4.5479940000e-01 
1.1560000000e+03 3.5873620000e-01 5.7390530000e-01 
1.1570000000e+03 2.0277470000e-01 1.2612530000e+00 
1.1580000000e+03 -3.5531880000e-01 2.0300230000e+00 
1.1590000000e+03 -7.3506130000e-01 1.1765050000e+00 
1.1600000000e+03 6.3563730000e-01 1.1732540000e+00 
1.1610000000e+03 5.1497650000e-01 1.5417290000e+00 
1.1620000000e+03 8.9118390000e-02 1.8315180000e+00 
1.1630000000e+03 1.9917160000e-01 1.4546710000e+00 
1.1640000000e+03 8.9538780000e-02 1.7203870000e+00 
1.1650000000e+03 -1.8938980000e-01 1.7450680000e+00 
1.1660000000e+03 -3.4720500000e-01 1.0670760000e+00 
1.1670000000e+03 4.7600380000e-01 1.3655860000e+00 
1.1680000000e+03 -4.4857690000e-01 1.6230350000e+00 
1.1690000000e+03 -3.0620220000e-01 1.0401310000e+00 
1.1700000000e+03 6.8313190000e-02 1.2490930000e+00 
1.1710000000e+03 -3.0160440000e-02 1.2821690000e+00 
1.1720000000e+03 -1.6045980000e-01 9.7632880000e-01 
1.1730000000e+03 8.7137260000e-01 6.2795670000e-01 
1.1740000000e+03 8.5895400000e-01 1.3864920000e+00 
1.1750000000e+03 6.8784590000e-01 1.6222400000e+00 
1.1760000000e+03 4.5128300000e-01 1.6868740000e+00 
1.1770000000e+03 5.0197940000e-01 1.6171480000e+00 
1.1780000000e+03 4.4489730000e-01 1.6583560000e+00 
1.1790000000e+03 4.1598810000e-01 1.7137360000e+00 
1.1800000000e+03 3.4259610000e-01 1.7908530000e+00 
1.1810000000e+03 3.2789930000e-02 1.2063510000e+00 
1.1820000000e+03 2.6023000000e-01 1.6235150000e+00 
1.1830000000e+03 1.7877410000e-01 1.5245810000e+00 
1.1840000000e+03 2.1107510000e-01 1.5269890000e+00 
1.1850000000e+03 2.0362790000e-01 1.5765960000e+00 
1.1860000000e+03 1.4374690000e-01 1.6718780000e+00 
1.1870000000e+03 -4.1792540000e-02 1.7820150000e+00 
1.1880000000e+03 -1.9839280000e-01 1.8069320000e+00 
1.1890000000e+03 -2.7972280000e-01 1.6377300000e+00 
1.1900000000e+03 -6.5680830000e-01 1.6022320000e+00 
1.1910000000e+03 -8.2012230000e-01 1.3580820000e+00 
1.1920000000e+03 -8.8563330000e-01 1.0954740000e+00 
1.1930000000e+03 -8.7104420000e-01 8.2108100000e-01 
1.1940000000e+03 -7.4048420000e-01 5.4568740000e-01 
1.1950000000e+03 -4.0124600000e-01 2.4694660000e-01 
1.1960000000e+03 2.3061150000e-01 6.4535690000e-01 
1.1970000000e+03 -6.2479910000e-02 1.1371170000e+00 
1.1980000000e+03 -7.9657940000e-01 1.3585480000e+00 
1.1990000000e+03 -9.9450800000e-01 6.3194780000e-01 
1.2000000000e+03 5.3776080000e-01 1.3097100000e+00 
1.2010000000e+03 3.8256100000e-01 1.6255720000e+00 
1.2020000000e+03 -1.5709630000e-01 1.7852220000e+00 
1.2030000000e+03 1.2815010000e-01 1.4798350000e+00 
1.2040000000e+03 -9.5477600000e-03 1.7012810000e+00 
1.2050000000e+03 -2.9694280000e-01 1.6898530000e+00 
1.2060000000e+03 -1.4922490000e-01 8.0779820000e-01 
1.2070000000e+03 1.4103500000e-01 1.9166370000e+00 
1.2080000000e+03 -5.7666100000e-01 1.5509020000e+00 
1.2090000000e+03 -3.7571420000e-01 9.5916990000e-01 
1.2100000000e+03 -4.5426570000e-02 1.1118390000e+00 
1.2110000000e+03 -1.3170620000e-01 1.2008760000e+00 
1.2120000000e+03 -3.1672400000e-01 8.0765910000e-01 
1.2130000000e+03 7.5945200000e-01 6.4030060000e-01 
1.2140000000e+03 7.4101850000e-01 1.2134500000e+00 
1.2150000000e+03 5.6105460000e-01 1.3704450000e+00 
1.2160000000e+03 5.8160560000e-01 1.3109070000e+00 
1.2170000000e+03 4.9411620000e-01 1.3432760000e+00 
1.2180000000e+03 6.1714210000e-01 1.3658960000e+00 
1.2190000000e+03 7.1540310000e-01 1.4179080000e+00 
1.2200000000e+03 8.1098140000e-01 1.7018040000e+00 
1.2210000000e+03 5.1553880000e-01 1.7983380000e+00 
1.2220000000e+03 2.9601260000e-01 1.5694030000e+00 
1.2230000000e+03 4.6319620000e-01 1.5405570000e+00 
1.2240000000e+03 4.9022260000e-01 1.6962320000e+00 
1.2250000000e+03 3.6363520000e-01 1.8850400000e+00 
1.2260000000e+03 9.4634730000e-02 2.0127800000e+00 
1.2270000000e+03 -9.7413020000e-02 1.9451330000e+00 
1.2280000000e+03 -4.9371570000e-01 1.9174100000e+00 
1.2290000000e+03 -7.6681710000e-01 1.7013040000e+00 
1.2300000000e+03 -9.4273130000e-01 1.4251080000e+00 
1.2310000000e+03 -1.0233580000e+00 1.1171280000e+00 
1.2320000000e+03 -1.0008790000e+00 7.9629460000e-01 
1.2330000000e+03 -7.9779800000e-01 5.4844420000e-01 
1.2340000000e+03 -8.5801670000e-01 3.3520710000e-01 
1.2350000000e+03 -3.9827570000e-01 3.9757530000e-03 
1.2360000000e+03 8.7522630000e-02 4.0936380000e-01 
1.2370000000e+03 -1.8088860000e-02 5.4434760000e-01 
1.2380000000e+03 -5.8181190000e-01 6.4294380000e-01 
1.2390000000e+03 -3.1554170000e-01 2.9594010000e-01 
1.2400000000e+03 4.2779130000e-01 1.3924720000e+00 
1.2410000000e+03 2.4742050000e-01 1.6753780000e+00 
1.2420000000e+03 -3.5742830000e-01 1.5971230000e+00 
1.2430000000e+03 5.8906980000e-02 1.4776260000e+00 
1.2440000000e+03 -9.8718150000e-02 1.6580920000e+00 
1.2450000000e+03 -3.9645130000e-01 1.5986360000e+00 
1.2460000000e+03 3.5214500000e-01 7.9246850000e-01 
1.2470000000e+03 -1.6707990000e-01 1.9149160000e+00 
1.2480000000e+03 -6.9327940000e-01 1.4465340000e+00 
1.2490000000e+03 -4.4402880000e-01 8.4932390000e-01 
1.2500000000e+03 -8.7561580000e-02 9.6147000000e-01 
1.2510000000e+03 -2.1368870000e-01 1.0307750000e+00 
1.2520000000e+03 -4.2980420000e-01 4.5780220000e-01 
1.2530000000e+03 7.0606230000e-01 4.1838390000e-01 
1.2540000000e+03 7.8975420000e-01 8.4068650000e-01 
1.2550000000e+03 9.1396060000e-01 8.7243680000e-01 
1.2560000000e+03 1.1007250000e+00 1.1513360000e+00 
1.2570000000e+03 1.2263870000e+00 1.3844930000e+00 
1.2580000000e+03 1.1766400000e+00 1.7864320000e+00 
1.2590000000e+03 8.7345730000e-01 2.0762340000e+00 
1.2600000000e+03 4.3205910000e-01 2.1304170000e+00 
1.2610000000e+03 1.4611890000e-01 1.8216280000e+00 
1.2620000000e+03 3.7935560000e-01 1.5093400000e+00 
1.2630000000e+03 5.0309500000e-01 1.7006540000e+00 
1.2640000000e+03 3.8602970000e-01 1.8927480000e+00 
1.2650000000e+03 1.4113930000e-01 2.0016280000e+00 
1.2660000000e+03 -1.9239940000e-01 1.8469880000e+00 
1.2670000000e+03 -3.3774860000e-01 1.9492110000e+00 
1.2680000000e+03 -7.0755400000e-01 1.8120140000e+00 
1.2690000000e+03 -9.7505280000e-01 1.5030180000e+00 
1.2700000000e+03 -1.0904470000e+00 1.0953260000e+00 
1.2710000000e+03 -9.6976890000e-01 6.7622340000e-01 
1.2720000000e+03 -6.1885310000e-01 5.8519770000e-01 
1.2730000000e+03 -1.0330590000e+00 3.5712830000e-01 
1.2740000000e+03 -4.4477500000e-01 -8.0067890000e-02 
1.2750000000e+03 8.6902280000e-03 -1.2972530000e-01 
1.2760000000e+03 6.4407550000e-01 1.7673130000e-01 
1.2770000000e+03 7.6580080000e-01 1.2853480000e+00 
1.2780000000e+03 -7.2832520000e-02 1.1280370000e+00 
1.2790000000e+03 -1.2318750000e-01 9.2782180000e-01 
1.2800000000e+03 3.1833670000e-01 1.4396930000e+00 
1.2810000000e+03 1.0320510000e-01 1.6993480000e+00 
1.2820000000e+03 -3.9902070000e-01 1.3397050000e+00 
1.2830000000e+03 -6.0437620000e-03 1.4467250000e+00 
1.2840000000e+03 -1.7696940000e-01 1.5842940000e+00 
1.2850000000e+03 -4.7933240000e-01 1.4494510000e+00 
1.2860000000e+03 6.3868600000e-01 1.3066570000e+00 
1.2870000000e+03 -3.6993360000e-01 1.8304790000e+00 
1.2880000000e+03 -7.8905230000e-01 1.2969080000e+00 
1.2890000000e+03 -5.2352480000e-01 6.7187500000e-01 
1.2900000000e+03 -6.5989100000e-02 7.1748770000e-01 
1.2910000000e+03 -1.2496120000e-01 7.4921800000e-01 
1.2920000000e+03 -1.2253590000e-01 -1.6724540000e-02 
1.2930000000e+03 1.0998360000e+00 1.6205040000e-01 
1.2940000000e+03 1.4040480000e+00 7.5476910000e-01 
1.2950000000e+03 1.5372130000e+00 1.3994680000e+00 
1.2960000000e+03 1.2659270000e+00 1.7811230000e+00 
1.2970000000e+03 9.9067340000e-01 1.9906240000e+00 
1.2980000000e+03 7.1634450000e-01 2.0683800000e+00 
1.2990000000e+03 4.7511820000e-01 2.0360430000e+00 
1.3000000000e+03 2.5933520000e-01 1.9488990000e+00 
1.3010000000e+03 5.0114730000e-02 1.6556050000e+00 
1.3020000000e+03 4.3201990000e-01 1.5585170000e+00 
1.3030000000e+03 3.9002420000e-01 1.7905640000e+00 
1.3040000000e+03 1.6931780000e-01 1.8945180000e+00 
1.3050000000e+03 -8.8665180000e-02 1.7724770000e+00 
1.3060000000e+03 -9.9951120000e-02 1.8801120000e+00 
1.3070000000e+03 -4.8071800000e-01 1.8842360000e+00 
1.3080000000e+03 -8.7939040000e-01 1.6420680000e+00 
1.3090000000e+03 -1.1083660000e+00 1.0614020000e+00 
1.3100000000e+03 -5.7904200000e-01 6.0771540000e-01 
1.3110000000e+03 -4.3902920000e-01 9.4830940000e-01 
1.3120000000e+03 -1.0895900000e+00 5.4653270000e-01 
1.3130000000e+03 -4.1502350000e-01 5.8869700000e-01 
1.3140000000e+03 -4.6731700000e-01 3.4326830000e-01 
1.3150000000e+03 2.4633830000e-02 2.1868570000e-02 
1.3160000000e+03 7.8816610000e-01 6.1872620000e-01 
1.3170000000e+03 5.1531340000e-01 1.4706150000e+00 
1.3180000000e+03 -4.1200880000e-01 1.2663750000e+00 
1.3190000000e+03 -4.3185860000e-01 1.0036780000e+00 
1.3200000000e+03 2.1072630000e-01 1.4612830000e+00 
1.3210000000e+03 -6.0329170000e-02 1.6916110000e+00 
1.3220000000e+03 -3.2210130000e-01 1.1557330000e+00 
1.3230000000e+03 -5.9577620000e-02 1.3810150000e+00 
1.3240000000e+03 -2.3225460000e-01 1.4662510000e+00 
1.3250000000e+03 -4.9530750000e-01 1.2012070000e+00 
1.3260000000e+03 4.0902000000e-01 1.7239310000e+00 
1.3270000000e+03 -5.1402150000e-01 1.6909280000e+00 
1.3280000000e+03 -8.0982460000e-01 1.0785310000e+00 
1.3290000000e+03 -4.4683460000e-01 3.2245370000e-01 
1.3300000000e+03 2.8229920000e-01 4.9063770000e-01 
1.3310000000e+03 3.1626690000e-01 7.8124040000e-01 
1.3320000000e+03 3.8075810000e-01 1.9975760000e-01 
1.3330000000e+03 1.3348520000e+00 5.8672090000e-01 
1.3340000000e+03 1.5483600000e+00 1.2270600000e+00 
1.3350000000e+03 1.1503630000e+00 1.7692260000e+00 
1.3360000000e+03 9.0525240000e-01 1.9143560000e+00 
1.3370000000e+03 6.8131900000e-01 1.9698120000e+00 
1.3380000000e+03 4.7214820000e-01 1.9541530000e+00 
1.3390000000e+03 3.3642360000e-01 1.8728150000e+00 
1.3400000000e+03 2.3229520000e-01 1.7956420000e+00 
1.3410000000e+03 3.4898820000e-02 1.4978570000e+00 
1.3420000000e+03 3.7271350000e-01 1.6075050000e+00 
1.3430000000e+03 1.8559200000e-01 1.7294370000e+00 
1.3440000000e+03 1.2263190000e-01 1.5874550000e+00 
1.3450000000e+03 9.3982740000e-02 1.7784140000e+00 
1.3460000000e+03 -2.1178650000e-01 1.8500980000e+00 
1.3470000000e+03 -6.0385510000e-01 1.7594260000e+00 
1.3480000000e+03 -1.0901780000e+00 1.2329720000e+00 
1.3490000000e+03 -2.0303010000e-02 9.6331630000e-01 
1.3500000000e+03 -5.2940800000e-01 1.3436620000e+00 
1.3510000000e+03 -9.3755880000e-01 1.1212550000e+00 
1.3520000000e+03 -8.2440730000e-01 8.6963520000e-01 
1.3530000000e+03 -8.2970030000e-01 4.8361650000e-01 
1.3540000000e+03 -5.5166150000e-01 1.7461680000e-01 
1.3550000000e+03 3.4195470000e-02 -8.8418560000e-03 
1.3560000000e+03 6.4783850000e-02 1.0122970000e+00 
1.3570000000e+03 -3.7356090000e-02 1.6271020000e+00 
1.3580000000e+03 -6.2023780000e-01 1.1382510000e+00 
1.3590000000e+03 -6.3868490000e-01 8.8653280000e-01 
1.3600000000e+03 1.0342450000e-01 1.4595850000e+00 
1.3610000000e+03 -2.4790370000e-01 1.6275680000e+00 
1.3620000000e+03 -2.3570710000e-01 1.0409670000e+00 
1.3630000000e+03 -8.2063810000e-02 1.2716880000e+00 
1.3640000000e+03 -2.2183610000e-01 1.2898660000e+00 
1.3650000000e+03 -2.5153970000e-01 8.7671060000e-01 
1.3660000000e+03 1.5668380000e-01 1.7267270000e+00 
1.3670000000e+03 -5.5290520000e-01 1.4804060000e+00 
1.3680000000e+03 -6.2776380000e-01 9.6836150000e-01 
1.3690000000e+03 -9.0279670000e-02 1.6326470000e-01 
1.3700000000e+03 6.6353600000e-01 8.1255070000e-01 
1.3710000000e+03 2.6197110000e-01 1.2160140000e+00 
1.3720000000e+03 2.5918310000e-01 4.4666350000e-01 
1.3730000000e+03 1.1235250000e+00 6.6691300000e-01 
1.3740000000e+03 1.3406140000e+00 1.4981330000e+00 
1.3750000000e+03 9.4301470000e-01 1.7629940000e+00 
1.3760000000e+03 7.1600140000e-01 1.8424350000e+00 
1.3770000000e+03 5.2295730000e-01 1.8654010000e+00 
1.3780000000e+03 3.6624830000e-01 1.7876790000e+00 
1.3790000000e+03 2.9148110000e-01 1.7224720000e+00 
1.3800000000e+03 2.4406360000e-01 1.7194270000e+00 
1.3810000000e+03 4.3003500000e-02 1.3195960000e+00 
1.3820000000e+03 2.2129010000e-01 1.4478830000e+00 
1.3830000000e+03 3.2937740000e-01 1.5224480000e+00 
1.3840000000e+03 2.5808140000e-01 1.6826380000e+00 
1.3850000000e+03 -1.2287870000e-01 1.8253950000e+00 
1.3860000000e+03 -3.3307540000e-01 1.7489110000e+00 
1.3870000000e+03 -7.5055690000e-01 1.5910040000e+00 
1.3880000000e+03 -4.2664840000e-02 5.2310100000e-01 
1.3890000000e+03 -5.1542390000e-01 1.4712190000e+00 
1.3900000000e+03 -8.7627020000e-01 1.2821140000e+00 
1.3910000000e+03 -1.0397300000e+00 9.4300840000e-01 
1.3920000000e+03 -1.0218130000e+00 5.0735750000e-01 
1.3930000000e+03 -7.8832530000e-01 2.2816570000e-01 
1.3940000000e+03 -5.0481620000e-01 1.0611270000e-02 
1.3950000000e+03 1.8960860000e-01 -8.5221880000e-03 
1.3960000000e+03 5.8331030000e-01 6.1305390000e-01 
1.3970000000e+03 -4.0052350000e-01 1.4274740000e+00 
1.3980000000e+03 -7.4774590000e-01 8.7554040000e-01 
1.3990000000e+03 -7.4039000000e-01 6.7101120000e-01 
1.4000000000e+03 -3.1963870000e-03 1.4310930000e+00 
1.4010000000e+03 -4.3483960000e-01 1.4631140000e+00 
1.4020000000e+03 -1.4865130000e-01 9.3220990000e-01 
1.4030000000e+03 -2.5640070000e-02 1.1247950000e+00 
1.4040000000e+03 -4.4993640000e-02 1.1077980000e+00 
1.4050000000e+03 3.0944210000e-01 9.8561000000e-01 
1.4060000000e+03 -1.6538890000e-02 1.7622050000e+00 
1.4070000000e+03 -3.7482110000e-01 1.4103000000e+00 
1.4080000000e+03 -6.6229720000e-01 1.0299090000e+00 
1.4090000000e+03 2.2457230000e-01 2.7000590000e-01 
1.4100000000e+03 5.5063730000e-01 1.1596430000e+00 
1.4110000000e+03 -5.0294490000e-02 1.2999050000e+00 
1.4120000000e+03 1.1553400000e-01 4.0809470000e-01 
1.4130000000e+03 1.1137170000e+00 5.0038760000e-01 
1.4140000000e+03 1.1283210000e+00 1.5244860000e+00 
1.4150000000e+03 8.3309320000e-01 1.7337150000e+00 
1.4160000000e+03 4.5043390000e-01 1.7973370000e+00 
1.4170000000e+03 3.3822390000e-01 1.6753790000e+00 
1.4180000000e+03 2.8394430000e-01 1.5755610000e+00 
1.4190000000e+03 2.9125560000e-01 1.4816170000e+00 
1.4200000000e+03 3.0369750000e-01 1.6269320000e+00 
1.4210000000e+03 2.4022560000e-01 1.2239070000e+00 
1.4220000000e+03 2.9994470000e-01 1.3524750000e+00 
1.4230000000e+03 2.9812460000e-01 1.4751350000e+00 
1.4240000000e+03 1.5574670000e-01 1.5699400000e+00 
1.4250000000e+03 -4.6538750000e-02 1.6150330000e+00 
1.4260000000e+03 -3.4277120000e-01 1.5971480000e+00 
1.4270000000e+03 -9.5203040000e-01 6.0827410000e-01 
1.4280000000e+03 -4.3177460000e-01 1.5456420000e+00 
1.4290000000e+03 -8.2045420000e-01 1.3710200000e+00 
1.4300000000e+03 -1.1487300000e+00 1.0390580000e+00 
1.4310000000e+03 -1.1617290000e+00 5.5039880000e-01 
1.4320000000e+03 -9.3331860000e-01 2.0533700000e-01 
1.4330000000e+03 -6.5911250000e-01 9.9840800000e-03 
1.4340000000e+03 -3.0731570000e-01 -9.5486210000e-02 
1.4350000000e+03 -4.4636080000e-01 8.0857670000e-02 
1.4360000000e+03 5.0292210000e-01 9.4311240000e-01 
1.4370000000e+03 -5.8725310000e-01 9.7194720000e-01 
1.4380000000e+03 -7.6493100000e-01 6.2656840000e-01 
1.4390000000e+03 -7.5810150000e-01 4.3657290000e-01 
1.4400000000e+03 -1.0193440000e-01 1.3687370000e+00 
1.4410000000e+03 -5.3248620000e-01 1.1755280000e+00 
1.4420000000e+03 -5.6655080000e-03 8.2145000000e-01 
1.4430000000e+03 1.6769380000e-01 1.0276420000e+00 
1.4440000000e+03 2.6691980000e-01 1.1666400000e+00 
1.4450000000e+03 3.6762080000e-01 1.4715190000e+00 
1.4460000000e+03 -1.3378150000e-01 1.7211840000e+00 
1.4470000000e+03 -4.2211410000e-01 1.5276470000e+00 
1.4480000000e+03 -7.4942480000e-01 9.0413170000e-01 
1.4490000000e+03 4.7392890000e-01 5.5424010000e-01 
1.4500000000e+03 2.6666100000e-01 1.2293280000e+00 
1.4510000000e+03 -3.1426710000e-01 1.1523830000e+00 
1.4520000000e+03 2.1644820000e-02 2.4819800000e-01 
1.4530000000e+03 1.4294370000e+00 6.1374370000e-01 
1.4540000000e+03 8.3888820000e-01 1.4453200000e+00 
1.4550000000e+03 6.8622900000e-01 1.5172790000e+00 
1.4560000000e+03 5.1100170000e-01 1.5704010000e+00 
1.4570000000e+03 3.7331480000e-01 1.4901910000e+00 
1.4580000000e+03 3.2246660000e-01 1.4142720000e+00 
1.4590000000e+03 3.7025520000e-01 1.3633210000e+00 
1.4600000000e+03 1.4880910000e-01 1.6031850000e+00 
1.4610000000e+03 2.4459220000e-01 1.2227670000e+00 
1.4620000000e+03 3.7936810000e-01 1.2595900000e+00 
1.4630000000e+03 3.0936150000e-01 1.3683130000e+00 
1.4640000000e+03 1.7820450000e-01 1.4285240000e+00 
1.4650000000e+03 -9.9467370000e-03 1.4606160000e+00 
1.4660000000e+03 -3.5682750000e-01 1.4057510000e+00 
1.4670000000e+03 -1.6570740000e-01 1.4641250000e+00 
1.4680000000e+03 -6.0684470000e-01 1.3720600000e+00 
1.4690000000e+03 -9.3452140000e-01 1.1435200000e+00 
1.4700000000e+03 -1.1477840000e+00 6.2316100000e-01 
1.4710000000e+03 -1.0034430000e+00 1.7299600000e-01 
1.4720000000e+03 -5.7810820000e-01 -8.6793600000e-02 
1.4730000000e+03 -3.0064920000e-01 1.3108830000e-01 
1.4740000000e+03 -4.9953320000e-01 1.6264540000e-01 
1.4750000000e+03 2.4196410000e-01 -3.3108750000e-01 
1.4760000000e+03 8.9833920000e-02 6.1302250000e-01 
1.4770000000e+03 -4.2855260000e-01 4.8894610000e-01 
1.4780000000e+03 -5.3783740000e-01 2.6585530000e-01 
1.4790000000e+03 -5.4481660000e-01 1.8622700000e-01 
1.4800000000e+03 -1.7299740000e-01 1.2692080000e+00 
1.4810000000e+03 -4.3118140000e-01 8.5478090000e-01 
1.4820000000e+03 2.2195980000e-01 7.9616170000e-01 
1.4830000000e+03 3.8824870000e-01 1.1344280000e+00 
1.4840000000e+03 3.4986650000e-01 1.4338680000e+00 
1.4850000000e+03 1.5423060000e-01 1.6770280000e+00 
1.4860000000e+03 -2.2564080000e-01 1.6605770000e+00 
1.4870000000e+03 -6.2240820000e-01 1.3051990000e+00 
1.4880000000e+03 -6.7251900000e-01 8.3234480000e-01 
1.4890000000e+03 2.6066240000e-01 6.2916110000e-01 
1.4900000000e+03 1.7515320000e-01 1.2191340000e+00 
1.4910000000e+03 -4.0154310000e-01 9.1930930000e-01 
1.4920000000e+03 2.9325020000e-02 8.0802140000e-02 
1.4930000000e+03 1.2525180000e+00 8.4210640000e-01 
1.4940000000e+03 8.6222380000e-01 1.2175360000e+00 
1.4950000000e+03 6.9427630000e-01 1.3573820000e+00 
1.4960000000e+03 5.1305360000e-01 1.3841000000e+00 
1.4970000000e+03 4.4169940000e-01 1.3079890000e+00 
1.4980000000e+03 4.1442340000e-01 1.2190780000e+00 
1.4990000000e+03 4.6469910000e-01 1.2024400000e+00 
1.5000000000e+03 4.7105540000e-01 1.2667830000e+00 
1.5010000000e+03 3.7597130000e-01 1.0009350000e+00 
1.5020000000e+03 5.1599170000e-01 1.1442600000e+00 
1.5030000000e+03 4.5623730000e-01 1.2311470000e+00 
1.5040000000e+03 3.4930590000e-01 1.2898880000e+00 
1.5050000000e+03 1.7614280000e-01 1.3331450000e+00 
1.5060000000e+03 3.1597540000e-01 1.1700740000e+00 
1.5070000000e+03 -1.9731740000e-01 1.3399060000e+00 
1.5080000000e+03 -5.5548620000e-01 1.1538730000e+00 
1.5090000000e+03 -8.3963670000e-01 7.5782420000e-01 
1.5100000000e+03 -8.2767350000e-01 3.0842590000e-01 
1.5110000000e+03 -1.6361070000e-01 2.0923380000e-02 
1.5120000000e+03 -4.0408260000e-01 1.0868480000e-01 
1.5130000000e+03 -3.4012530000e-01 -1.4435050000e-01 
1.5140000000e+03 -1.0010890000e-01 -3.6899900000e-01 
1.5150000000e+03 5.7877560000e-01 -6.1991020000e-01 
1.5160000000e+03 8.4769340000e-01 1.9625470000e-01 
1.5170000000e+03 8.3481860000e-01 5.4511310000e-01 
1.5180000000e+03 -3.9159380000e-01 4.7588030000e-01 
1.5190000000e+03 -9.4970000000e-02 2.1206870000e-01 
1.5200000000e+03 -1.8822290000e-01 1.1540490000e+00 
1.5210000000e+03 -1.5824090000e-01 6.8416330000e-01 
1.5220000000e+03 4.1039180000e-01 9.3462720000e-01 
1.5230000000e+03 4.2843020000e-01 1.3387220000e+00 
1.5240000000e+03 1.8184010000e-01 1.7801670000e+00 
1.5250000000e+03 -2.0417240000e-02 1.6606480000e+00 
1.5260000000e+03 -2.8123250000e-01 1.5875430000e+00 
1.5270000000e+03 -5.6535390000e-01 1.3769400000e+00 
1.5280000000e+03 -6.2855300000e-01 6.8313820000e-01 
1.5290000000e+03 2.1077960000e-01 6.8164440000e-01 
1.5300000000e+03 6.9376090000e-02 1.1403750000e+00 
1.5310000000e+03 -3.3437180000e-01 6.9012270000e-01 
1.5320000000e+03 8.7194700000e-02 -8.3567830000e-02 
1.5330000000e+03 9.9390790000e-01 7.4023420000e-01 
1.5340000000e+03 9.4878420000e-01 1.0222420000e+00 
1.5350000000e+03 8.2868610000e-01 1.1939580000e+00 
1.5360000000e+03 6.6852310000e-01 1.2081520000e+00 
1.5370000000e+03 6.2500190000e-01 1.1555770000e+00 
1.5380000000e+03 6.5182850000e-01 9.9918540000e-01 
1.5390000000e+03 8.4699150000e-01 1.1025360000e+00 
1.5400000000e+03 7.9357620000e-01 1.3415920000e+00 
1.5410000000e+03 7.3597550000e-01 1.0312950000e+00 
1.5420000000e+03 8.3776280000e-01 1.2337090000e+00 
1.5430000000e+03 7.7427730000e-01 1.3736650000e+00 
1.5440000000e+03 6.4156700000e-01 1.4921960000e+00 
1.5450000000e+03 3.8383180000e-01 1.5907470000e+00 
1.5460000000e+03 1.9071510000e-01 1.5569510000e+00 
1.5470000000e+03 -1.0966410000e-01 1.4314650000e+00 
1.5480000000e+03 -2.8023540000e-01 1.2556020000e+00 
1.5490000000e+03 -4.6376230000e-01 9.5229700000e-01 
1.5500000000e+03 3.2336850000e-02 6.8634790000e-01 
1.5510000000e+03 -1.4821040000e-01 6.9158910000e-01 
1.5520000000e+03 -1.5321160000e-01 5.8273610000e-01 
1.5530000000e+03 -1.0986110000e-01 4.6521870000e-01 
1.5540000000e+03 2.1965250000e-02 -1.1854340000e-01 
1.5550000000e+03 7.9185970000e-01 2.4798270000e-02 
1.5560000000e+03 1.0160130000e+00 1.0298100000e+00 
1.5570000000e+03 -1.5464280000e-01 1.5229430000e+00 
1.5580000000e+03 -3.4287660000e-01 9.3143880000e-01 
1.5590000000e+03 -4.0229510000e-01 7.3628700000e-01 
1.5600000000e+03 -1.5608230000e-01 1.0764780000e+00 
1.5610000000e+03 9.2761420000e-02 7.2683070000e-01 
1.5620000000e+03 4.4962400000e-01 1.1218550000e+00 
1.5630000000e+03 3.1751580000e-01 1.4164610000e+00 
1.5640000000e+03 1.2417310000e-01 1.5845960000e+00 
1.5650000000e+03 -1.2817700000e-01 1.6250030000e+00 
1.5660000000e+03 -3.1002170000e-01 1.4976570000e+00 
1.5670000000e+03 -5.7651100000e-01 1.2660570000e+00 
1.5680000000e+03 -5.1344360000e-01 5.6642870000e-01 
1.5690000000e+03 1.7027880000e-01 6.5120290000e-01 
1.5700000000e+03 2.4379550000e-02 9.8316960000e-01 
1.5710000000e+03 -9.8807900000e-02 5.7583750000e-01 
1.5720000000e+03 -1.3382760000e-01 -3.3858940000e-01 
1.5730000000e+03 1.1993860000e+00 4.4534490000e-01 
1.5740000000e+03 1.2599760000e+00 9.3656630000e-01 
1.5750000000e+03 1.0645910000e+00 1.3445820000e+00 
1.5760000000e+03 8.9832040000e-01 1.2426340000e+00 
1.5770000000e+03 1.0009390000e+00 1.1489000000e+00 
1.5780000000e+03 1.1080940000e+00 1.2663880000e+00 
1.5790000000e+03 1.0883800000e+00 1.5687050000e+00 
1.5800000000e+03 8.0505690000e-01 1.9188680000e+00 
1.5810000000e+03 7.1251410000e-01 1.4148120000e+00 
1.5820000000e+03 6.9011940000e-01 1.6190230000e+00 
1.5830000000e+03 5.4078040000e-01 1.6913710000e+00 
1.5840000000e+03 3.7361340000e-01 1.7360850000e+00 
1.5850000000e+03 1.3213880000e-01 1.6410090000e+00 
1.5860000000e+03 -2.8960680000e-02 1.6002840000e+00 
1.5870000000e+03 -2.0188640000e-01 1.5413520000e+00 
1.5880000000e+03 -5.3759130000e-01 1.4439590000e+00 
1.5890000000e+03 -3.7675350000e-01 1.1834990000e+00 
1.5900000000e+03 -6.1533120000e-01 1.0327450000e+00 
1.5910000000e+03 -6.7886960000e-01 8.1986970000e-01 
1.5920000000e+03 -6.7047480000e-01 5.9499720000e-01 
1.5930000000e+03 -6.3738300000e-01 4.0874460000e-01 
1.5940000000e+03 -2.6028430000e-01 -5.4287130000e-02 
1.5950000000e+03 5.5901510000e-01 -2.3588460000e-02 
1.5960000000e+03 6.7506560000e-01 1.3857840000e+00 
1.5970000000e+03 -5.6329180000e-01 1.2450260000e+00 
1.5980000000e+03 -6.9408160000e-01 6.5018470000e-01 
1.5990000000e+03 -7.3434650000e-01 4.9280670000e-01 
