/rn,a,b/nx0/ls1
/r,qa,qb
22 -10.5 10.5 0 OUTPUT_AMP_PHASE_3D Wavelength=0.55
22 -10.5 10.5
 1.93817E-05   9.61251E+01  2.97894E-05   8.81559E+01  1.27724E-05   8.66988E+01  1.11158E-04   1.47064E+02  9.66736E-04   6.52354E+01  3.74812E-03   4.55761E+01  1.15378E-02   3.34848E+02  3.42468E-02   3.29853E+02  4.55430E-02   3.30339E+02  4.42437E-02   3.26594E+02  4.42143E-02   3.23135E+02  4.42112E-02   3.23135E+02  4.42486E-02   3.26625E+02  4.55470E-02   3.30370E+02  3.42513E-02   3.29878E+02  1.15468E-02   3.34918E+02  3.74793E-03   4.56089E+01  9.66412E-04   6.52291E+01  1.11091E-04   1.47120E+02  1.26994E-05   8.67789E+01  2.97188E-05   8.81329E+01  1.93597E-05   9.60928E+01 
 2.55187E-05   8.60242E+01  4.06518E-06   6.50984E+01  1.51307E-04   1.46862E+02  1.91694E-03   5.67141E+01  1.24475E-02   3.40847E+02  3.38016E-02   3.22012E+02  4.47424E-02   3.18223E+02  4.46750E-02   3.13555E+02  4.47689E-02   3.24665E+02  4.89132E-02   3.41654E+02  4.60054E-02   3.36139E+02  4.60168E-02   3.36163E+02  4.89100E-02   3.41565E+02  4.47818E-02   3.24596E+02  4.46691E-02   3.13539E+02  4.47385E-02   3.18176E+02  3.38010E-02   3.22040E+02  1.24464E-02   3.40846E+02  1.91716E-03   5.67444E+01  1.52381E-04   1.46743E+02  3.92795E-06   6.58338E+01  2.54091E-05   8.60049E+01 
 5.63133E-06   9.64469E+01  1.57217E-04   1.45449E+02  1.94041E-03   5.75176E+01  1.26165E-02   3.41018E+02  3.30534E-02   3.20019E+02  4.40330E-02   3.18239E+02  3.61188E-02   3.32732E+02  1.35002E-02   3.50902E+02  3.04084E-03   2.21710E+02  1.14889E-02   2.28964E+02  3.33441E-03   2.60226E+02  3.32008E-03   2.59840E+02  1.14630E-02   2.28755E+02  3.00614E-03   2.21294E+02  1.35019E-02   3.50797E+02  3.61254E-02   3.32698E+02  4.40271E-02   3.18255E+02  3.30505E-02   3.20019E+02  1.26266E-02   3.41073E+02  1.95466E-03   5.73152E+01  1.59404E-04   1.45257E+02  5.65093E-06   9.74693E+01 
 1.14980E-04   1.43788E+02  1.91618E-03   5.43494E+01  1.27495E-02   3.40683E+02  3.20188E-02   3.15826E+02  3.43717E-02   3.31471E+02  1.61377E-02   2.97746E+00  4.40438E-03   1.83689E+02  1.07005E-02   4.75751E+01  1.24294E-02   4.26733E+01  3.97022E-03   2.28258E+02  1.51096E-02   2.18141E+02  1.51099E-02   2.18135E+02  3.97408E-03   2.28399E+02  1.24277E-02   4.26391E+01  1.07122E-02   4.75385E+01  4.39185E-03   1.83656E+02  1.61344E-02   2.99059E+00  3.43785E-02   3.31493E+02  3.20167E-02   3.15683E+02  1.27140E-02   3.40360E+02  1.93046E-03   5.42018E+01  1.16049E-04   1.43685E+02 
 9.74181E-04   5.56277E+01  1.19198E-02   3.32276E+02  3.27519E-02   3.16282E+02  3.69532E-02   3.34878E+02  9.83725E-03   3.23677E+02  1.89519E-03   1.37298E+02  1.10707E-02   3.81249E+01  1.26429E-02   2.22589E+02  1.53466E-02   2.24608E+02  8.29847E-03   4.70447E+01  3.44477E-02   4.66108E+01  3.44409E-02   4.65772E+01  8.29563E-03   4.69897E+01  1.53451E-02   2.24580E+02  1.26409E-02   2.22548E+02  1.10723E-02   3.81897E+01  1.89121E-03   1.37333E+02  9.82987E-03   3.23471E+02  3.69976E-02   3.35054E+02  3.27581E-02   3.16495E+02  1.19071E-02   3.32113E+02  9.74009E-04   5.54842E+01 
 1.90115E-03   3.99782E+01  1.12727E-02   3.19818E+02  2.33384E-02   3.19633E+02  1.30147E-02   2.76212E+02  4.03917E-03   2.55251E+01  2.68391E-03   2.73466E+01  5.42379E-03   2.08175E+02  9.24496E-03   3.44108E+01  1.96085E-03   3.49941E+02  1.69700E-02   2.27474E+02  3.30867E-02   2.28582E+02  3.30779E-02   2.28481E+02  1.69664E-02   2.27330E+02  1.96955E-03   3.49725E+02  9.24675E-03   3.43165E+01  5.42139E-03   2.08336E+02  2.68360E-03   2.74507E+01  4.04006E-03   2.54540E+01  1.30264E-02   2.76053E+02  2.33220E-02   3.19549E+02  1.12777E-02   3.19812E+02  1.90147E-03   3.99795E+01 
 1.07491E-02   3.15876E+02  2.16543E-02   3.14337E+02  1.25314E-02   3.41899E+02  8.93371E-03   3.79275E+01  7.35335E-03   2.19859E+02  2.83962E-03   2.38665E+02  5.61032E-03   2.62624E+01  6.35111E-03   2.14306E+02  1.72287E-03   1.88362E+02  7.50712E-03   3.57513E+01  6.32362E-03   3.05132E+01  6.32055E-03   3.03943E+01  7.50529E-03   3.55923E+01  1.71856E-03   1.88506E+02  6.35068E-03   2.14244E+02  5.61014E-03   2.63114E+01  2.84011E-03   2.38658E+02  7.35289E-03   2.19840E+02  8.93416E-03   3.78705E+01  1.25390E-02   3.41878E+02  2.16519E-02   3.14339E+02  1.07489E-02   3.15876E+02 
 1.34708E-02   3.53454E+02  2.40211E-02   3.39198E+02  9.35117E-03   2.97528E+02  5.40107E-03   6.69964E+01  1.15434E-02   4.36728E+01  2.39745E-03   2.33740E+02  7.72378E-03   2.21856E+02  2.98087E-03   4.75903E+01  1.24797E-02   4.71128E+01  7.73796E-03   5.43595E+01  6.91956E-03   4.58255E+01  6.91972E-03   4.58242E+01  7.74021E-03   5.43886E+01  1.24810E-02   4.71326E+01  2.97917E-03   4.75556E+01  7.72477E-03   2.21870E+02  2.39725E-03   2.33743E+02  1.15432E-02   4.36735E+01  5.40283E-03   6.70153E+01  9.34867E-03   2.97530E+02  2.40209E-02   3.39197E+02  1.34708E-02   3.53454E+02 
 3.29130E-03   2.18085E+02  7.31907E-03   5.63695E+01  1.75308E-02   4.52823E+01  8.34072E-04   3.51022E+02  7.04605E-03   2.23846E+02  3.81291E-03   2.26510E+02  1.82841E-03   2.55346E+02  2.13968E-03   3.23935E+01  1.39306E-03   2.41642E+02  7.14321E-03   2.29731E+02  1.53141E-02   2.21733E+02  1.53126E-02   2.21714E+02  7.14190E-03   2.29765E+02  1.39617E-03   2.41983E+02  2.13892E-03   3.26330E+01  1.82423E-03   2.55186E+02  3.81346E-03   2.26540E+02  7.04551E-03   2.23847E+02  8.36187E-04   3.50808E+02  1.75295E-02   4.52708E+01  7.31946E-03   5.63683E+01  3.29132E-03   2.18085E+02 
 3.89027E-04   3.45009E+02  1.10908E-03   2.36842E+01  3.38875E-03   2.18797E+02  1.11342E-02   2.22331E+02  3.68403E-03   4.69879E+01  6.18626E-03   5.86347E+01  5.60532E-03   2.15005E+02  5.31115E-03   2.35818E+02  1.24207E-02   2.26892E+02  5.61140E-03   2.31441E+02  8.60489E-03   3.28548E+01  8.60431E-03   3.27674E+01  5.61403E-03   2.31514E+02  1.24192E-02   2.26865E+02  5.31308E-03   2.35855E+02  5.60539E-03   2.15044E+02  6.18690E-03   5.86390E+01  3.68301E-03   4.69322E+01  1.11328E-02   2.22258E+02  3.38819E-03   2.18559E+02  1.10961E-03   2.34929E+01  3.89149E-04   3.45038E+02 
 2.80642E-03   2.36308E+02  1.15179E-02   2.25533E+02  3.88347E-03   2.43158E+02  1.78456E-03   3.28701E+01  3.37062E-03   9.77855E+01  9.80796E-03   4.89869E+01  3.99166E-03   3.79452E+01  1.67318E-03   4.01361E+01  3.99131E-04   3.11700E+02  1.05169E-03   2.20455E+02  1.40982E-03   6.02890E+01  1.41500E-03   6.06135E+01  1.05044E-03   2.20019E+02  4.00409E-04   3.11578E+02  1.67342E-03   4.01565E+01  3.99179E-03   3.79542E+01  9.80768E-03   4.89874E+01  3.37416E-03   9.77997E+01  1.78476E-03   3.22822E+01  3.89265E-03   2.43391E+02  1.15164E-02   2.25516E+02  2.80662E-03   2.36307E+02 
 2.80635E-03   5.62801E+01  1.15179E-02   4.56133E+01  3.88353E-03   6.32346E+01  1.77985E-03   2.12995E+02  3.37430E-03   2.77805E+02  9.80884E-03   2.28963E+02  3.98892E-03   2.17839E+02  1.67256E-03   2.20378E+02  3.95271E-04   1.31846E+02  1.05110E-03   4.00247E+01  1.41365E-03   2.40645E+02  1.41685E-03   2.40872E+02  1.05045E-03   3.97453E+01  3.96463E-04   1.31821E+02  1.67271E-03   2.20343E+02  3.98903E-03   2.17824E+02  9.80871E-03   2.28964E+02  3.37887E-03   2.77825E+02  1.78040E-03   2.12257E+02  3.89482E-03   6.35293E+01  1.15160E-02   4.55920E+01  2.80660E-03   5.62778E+01 
 3.83488E-04   1.65328E+02  1.10476E-03   2.04253E+02  3.39012E-03   3.87475E+01  1.11328E-02   4.22337E+01  3.68277E-03   2.26718E+02  6.18339E-03   2.38475E+02  5.60517E-03   3.48129E+01  5.31161E-03   5.58103E+01  1.24230E-02   4.69860E+01  5.61546E-03   5.15955E+01  8.60513E-03   2.12782E+02  8.60471E-03   2.12771E+02  5.61611E-03   5.16087E+01  1.24226E-02   4.69901E+01  5.31239E-03   5.58010E+01  5.60618E-03   3.48071E+01  6.18382E-03   2.38464E+02  3.68139E-03   2.26619E+02  1.11309E-02   4.21141E+01  3.38970E-03   3.83534E+01  1.10589E-03   2.03920E+02  3.83683E-04   1.65386E+02 
 3.26542E-03   3.79826E+01  7.35478E-03   2.36425E+02  1.75359E-02   2.25282E+02  8.49347E-04   1.70065E+02  7.04326E-03   4.37648E+01  3.81175E-03   4.63975E+01  1.83578E-03   7.55341E+01  2.13755E-03   2.12400E+02  1.38936E-03   6.13662E+01  7.13900E-03   4.96076E+01  1.53130E-02   4.17749E+01  1.53129E-02   4.17740E+01  7.13864E-03   4.96108E+01  1.39040E-03   6.14749E+01  2.13725E-03   2.12571E+02  1.83173E-03   7.53862E+01  3.81215E-03   4.64331E+01  7.04233E-03   4.37657E+01  8.53281E-04   1.69703E+02  1.75337E-02   2.25262E+02  7.35553E-03   2.36423E+02  3.26539E-03   3.79813E+01 
 1.34536E-02   1.73174E+02  2.40116E-02   1.59006E+02  9.33746E-03   1.17564E+02  5.40837E-03   2.46983E+02  1.15445E-02   2.23686E+02  2.39480E-03   5.35746E+01  7.72468E-03   4.18046E+01  2.98107E-03   2.27894E+02  1.24788E-02   2.27102E+02  7.73782E-03   2.34337E+02  6.92020E-03   2.25804E+02  6.91989E-03   2.25805E+02  7.73675E-03   2.34329E+02  1.24786E-02   2.27096E+02  2.98062E-03   2.27849E+02  7.72503E-03   4.18219E+01  2.39452E-03   5.35773E+01  1.15440E-02   2.23686E+02  5.41066E-03   2.47012E+02  9.33392E-03   1.17564E+02  2.40115E-02   1.59005E+02  1.34537E-02   1.73174E+02 
 1.07490E-02   1.35982E+02  2.16408E-02   1.34287E+02  1.25231E-02   1.61896E+02  8.96504E-03   2.18013E+02  7.35128E-03   3.99912E+01  2.84589E-03   5.91280E+01  5.60599E-03   2.06429E+02  6.35310E-03   3.41932E+01  1.72164E-03   8.41269E+00  7.50643E-03   2.15642E+02  6.31814E-03   2.10541E+02  6.31989E-03   2.10604E+02  7.50727E-03   2.15739E+02  1.72437E-03   8.29481E+00  6.35340E-03   3.42607E+01  5.60646E-03   2.06368E+02  2.84561E-03   5.91351E+01  7.35160E-03   3.99644E+01  8.96573E-03   2.17961E+02  1.25303E-02   1.61877E+02  2.16374E-02   1.34287E+02  1.07492E-02   1.35980E+02 
 1.88238E-03   2.20148E+02  1.12920E-02   1.40442E+02  2.33357E-02   1.39548E+02  1.30899E-02   9.56401E+01  4.07110E-03   2.05533E+02  2.68653E-03   2.07394E+02  5.42370E-03   2.83445E+01  9.24587E-03   2.14278E+02  1.95703E-03   1.70047E+02  1.69726E-02   4.73904E+01  3.30763E-02   4.84786E+01  3.30809E-02   4.85345E+01  1.69743E-02   4.74700E+01  1.95454E-03   1.70100E+02  9.24417E-03   2.14395E+02  5.42689E-03   2.81476E+01  2.68702E-03   2.07262E+02  4.06961E-03   2.05584E+02  1.30746E-02   9.57551E+01  2.33429E-02   1.39621E+02  1.12880E-02   1.40442E+02  1.88203E-03   2.20140E+02 
 9.94438E-04   2.35164E+02  1.18772E-02   1.51658E+02  3.27624E-02   1.36456E+02  3.70145E-02   1.55157E+02  9.84218E-03   1.43452E+02  1.87966E-03   3.16498E+02  1.10685E-02   2.18290E+02  1.26399E-02   4.25594E+01  1.53476E-02   4.46099E+01  8.29780E-03   2.27268E+02  3.44437E-02   2.26463E+02  3.44461E-02   2.26475E+02  8.29893E-03   2.27268E+02  1.53475E-02   4.46235E+01  1.26416E-02   4.25875E+01  1.10673E-02   2.18247E+02  1.88324E-03   3.16481E+02  9.84634E-03   1.43617E+02  3.69838E-02   1.55035E+02  3.27588E-02   1.36307E+02  1.18855E-02   1.51791E+02  9.94389E-04   2.35275E+02 
 1.19164E-04   3.23395E+02  1.94584E-03   2.33888E+02  1.27157E-02   1.60436E+02  3.20038E-02   1.35784E+02  3.43561E-02   1.51305E+02  1.60545E-02   1.82659E+02  4.37070E-03   3.13731E+00  1.07013E-02   2.27481E+02  1.24273E-02   2.22561E+02  3.97151E-03   4.79393E+01  1.51055E-02   3.81264E+01  1.51090E-02   3.81255E+01  3.97499E-03   4.80054E+01  1.24279E-02   2.22554E+02  1.07105E-02   2.27461E+02  4.36094E-03   3.09941E+00  1.60524E-02   1.82667E+02  3.43522E-02   1.51308E+02  3.20113E-02   1.35833E+02  1.27338E-02   1.60532E+02  1.94732E-03   2.34007E+02  1.19187E-04   3.23539E+02 
 5.71756E-06   2.78422E+02  1.61431E-04   3.25064E+02  1.95952E-03   2.37164E+02  1.25719E-02   1.60604E+02  3.30674E-02   1.40457E+02  4.40481E-02   1.38535E+02  3.61003E-02   1.52568E+02  1.35257E-02   1.71039E+02  3.04403E-03   4.11780E+01  1.14637E-02   4.89479E+01  3.28512E-03   8.08858E+01  3.25946E-03   8.02434E+01  1.14357E-02   4.87453E+01  3.00993E-03   4.11924E+01  1.34909E-02   1.70851E+02  3.60827E-02   1.52483E+02  4.40500E-02   1.38546E+02  3.30673E-02   1.40457E+02  1.25691E-02   1.60614E+02  1.96088E-03   2.37257E+02  1.60872E-04   3.25237E+02  5.58256E-06   2.78080E+02 
 2.53769E-05   2.66044E+02  3.88023E-06   2.47505E+02  1.56723E-04   3.26539E+02  1.95742E-03   2.36281E+02  1.23859E-02   1.60323E+02  3.37761E-02   1.41702E+02  4.47457E-02   1.38088E+02  4.46672E-02   1.33506E+02  4.47709E-02   1.44748E+02  4.89019E-02   1.61591E+02  4.59706E-02   1.55959E+02  4.59849E-02   1.55982E+02  4.89005E-02   1.61497E+02  4.47757E-02   1.44616E+02  4.46577E-02   1.33665E+02  4.47491E-02   1.38213E+02  3.37733E-02   1.41650E+02  1.23880E-02   1.60321E+02  1.95714E-03   2.36265E+02  1.56163E-04   3.26676E+02  3.91233E-06   2.46387E+02  2.54326E-05   2.66026E+02 
 1.93306E-05   2.76053E+02  2.95813E-05   2.68119E+02  1.23791E-05   2.67975E+02  1.16928E-04   3.26438E+02  9.95476E-04   2.44374E+02  3.80600E-03   2.25423E+02  1.15645E-02   1.55091E+02  3.42550E-02   1.49888E+02  4.55337E-02   1.50335E+02  4.42447E-02   1.46630E+02  4.42234E-02   1.43213E+02  4.42201E-02   1.43214E+02  4.42496E-02   1.46664E+02  4.55442E-02   1.50365E+02  3.42355E-02   1.49842E+02  1.15460E-02   1.54961E+02  3.80588E-03   2.25357E+02  9.95923E-04   2.44376E+02  1.17032E-04   3.26351E+02  1.24559E-05   2.67880E+02  2.96405E-05   2.68130E+02  1.93614E-05   2.76069E+02 
