0.0000000000e+00 3.0074712630e-01
1.0000000000e+00 3.3291786910e-01
2.0000000000e+00 3.5938763620e-01
3.0000000000e+00 3.7638455630e-01
4.0000000000e+00 3.8426443930e-01
5.0000000000e+00 3.8941738010e-01
6.0000000000e+00 3.9943495390e-01
7.0000000000e+00 4.1755858060e-01
8.0000000000e+00 4.4235622880e-01
9.0000000000e+00 4.7102206950e-01
1.0000000000e+01 5.0037169460e-01
1.1000000000e+01 5.2946060900e-01
1.2000000000e+01 5.5369144680e-01
1.3000000000e+01 5.7022744420e-01
1.4000000000e+01 5.7656413320e-01
1.5000000000e+01 5.7686167960e-01
1.6000000000e+01 5.7409048080e-01
1.7000000000e+01 5.6506824490e-01
1.8000000000e+01 5.4492676260e-01
1.9000000000e+01 5.1359051470e-01
2.0000000000e+01 4.8261538150e-01
2.1000000000e+01 4.6509686110e-01
2.2000000000e+01 4.5859080550e-01
2.3000000000e+01 4.5118519660e-01
2.4000000000e+01 4.3399661780e-01
2.5000000000e+01 4.0569731590e-01
2.6000000000e+01 3.8415813450e-01
2.7000000000e+01 4.1331535580e-01
2.8000000000e+01 4.8554402590e-01
2.9000000000e+01 5.1561582090e-01
3.0000000000e+01 5.0728398560e-01
3.1000000000e+01 5.0335836410e-01
3.2000000000e+01 5.0995105500e-01
3.3000000000e+01 5.2076125140e-01
3.4000000000e+01 5.3176748750e-01
3.5000000000e+01 5.4165220260e-01
3.6000000000e+01 5.5044162270e-01
3.7000000000e+01 5.5880641940e-01
3.8000000000e+01 5.6764435770e-01
3.9000000000e+01 5.7808321710e-01
4.0000000000e+01 5.9132713080e-01
4.1000000000e+01 6.0893630980e-01
4.2000000000e+01 6.3298201560e-01
4.3000000000e+01 6.6390341520e-01
4.4000000000e+01 6.4903533460e-01
4.5000000000e+01 2.9221308230e-01
4.6000000000e+01 3.5288432240e-01
4.7000000000e+01 4.4588953260e-01
4.8000000000e+01 4.9656489490e-01
4.9000000000e+01 5.2936249970e-01
5.0000000000e+01 3.6102285980e-01
5.1000000000e+01 3.5282358530e-01
5.2000000000e+01 3.6049640180e-01
5.3000000000e+01 3.9061942700e-01
5.4000000000e+01 4.3356287480e-01
5.5000000000e+01 4.7929775710e-01
5.6000000000e+01 5.2159905430e-01
5.7000000000e+01 5.5775743720e-01
5.8000000000e+01 5.8725517990e-01
5.9000000000e+01 6.1122584340e-01
6.0000000000e+01 6.2039703130e-01
6.1000000000e+01 6.3541394470e-01
6.2000000000e+01 6.4155405760e-01
6.3000000000e+01 6.4449709650e-01
6.4000000000e+01 6.4731830360e-01
6.5000000000e+01 6.4712858200e-01
6.6000000000e+01 6.3791930680e-01
6.7000000000e+01 6.1367774010e-01
6.8000000000e+01 5.7711976770e-01
6.9000000000e+01 5.4854583740e-01
7.0000000000e+01 5.3773450850e-01
7.1000000000e+01 5.3101569410e-01
7.2000000000e+01 5.1416331530e-01
7.3000000000e+01 4.8547083140e-01
7.4000000000e+01 4.7768664360e-01
7.5000000000e+01 5.1244640350e-01
7.6000000000e+01 5.2653104070e-01
7.7000000000e+01 5.2145189050e-01
7.8000000000e+01 5.2257162330e-01
7.9000000000e+01 5.3178763390e-01
8.0000000000e+01 5.4345816370e-01
8.1000000000e+01 5.5405825380e-01
8.2000000000e+01 5.6243300440e-01
8.3000000000e+01 5.6867778300e-01
8.4000000000e+01 5.7344233990e-01
8.5000000000e+01 5.7768243550e-01
8.6000000000e+01 5.8254975080e-01
8.7000000000e+01 5.8935892580e-01
8.8000000000e+01 5.9951233860e-01
8.9000000000e+01 6.1471349000e-01
9.0000000000e+01 6.3673180340e-01
9.1000000000e+01 6.5808534620e-01
9.2000000000e+01 4.9670383330e-01
9.3000000000e+01 2.5119811300e-01
9.4000000000e+01 3.9891389010e-01
9.5000000000e+01 4.7224444150e-01
9.6000000000e+01 5.1364743710e-01
9.7000000000e+01 5.4252195360e-01
9.8000000000e+01 5.6668841840e-01
9.9000000000e+01 5.8563768860e-01
1.0000000000e+02 3.5206285120e-01
1.0100000000e+02 4.0535160900e-01
1.0200000000e+02 4.6727675200e-01
1.0300000000e+02 5.2481019500e-01
1.0400000000e+02 5.7168394330e-01
1.0500000000e+02 6.0696280000e-01
1.0600000000e+02 6.3235640530e-01
1.0700000000e+02 6.5022081140e-01
1.0800000000e+02 6.6311508420e-01
1.0900000000e+02 6.3901448250e-01
1.1000000000e+02 6.7189472910e-01
1.1100000000e+02 6.7586076260e-01
1.1200000000e+02 6.8124437330e-01
1.1300000000e+02 6.8787336350e-01
1.1400000000e+02 6.8970090150e-01
1.1500000000e+02 6.8163692950e-01
1.1600000000e+02 6.5703082080e-01
1.1700000000e+02 6.1959916350e-01
1.1800000000e+02 5.9508401160e-01
1.1900000000e+02 5.8664292100e-01
1.2000000000e+02 5.7523757220e-01
1.2100000000e+02 5.5138599870e-01
1.2200000000e+02 5.3452557330e-01
1.2300000000e+02 5.3927749400e-01
1.2400000000e+02 5.3446286920e-01
1.2500000000e+02 5.2720081810e-01
1.2600000000e+02 5.3111243250e-01
1.2700000000e+02 5.4275089500e-01
1.2800000000e+02 5.5507105590e-01
1.2900000000e+02 5.6464093920e-01
1.3000000000e+02 5.7090711590e-01
1.3100000000e+02 5.7460248470e-01
1.3200000000e+02 5.7689064740e-01
1.3300000000e+02 5.7898730040e-01
1.3400000000e+02 5.8196616170e-01
1.3500000000e+02 5.8676850800e-01
1.3600000000e+02 5.9400761130e-01
1.3700000000e+02 6.0337764020e-01
1.3800000000e+02 6.0833364730e-01
1.3900000000e+02 5.4216033220e-01
1.4000000000e+02 1.9813318550e-01
1.4100000000e+02 3.4295484420e-01
1.4200000000e+02 4.5439159870e-01
1.4300000000e+02 5.0798928740e-01
1.4400000000e+02 5.4224497080e-01
1.4500000000e+02 5.6904864310e-01
1.4600000000e+02 5.9263056520e-01
1.4700000000e+02 6.1395269630e-01
1.4800000000e+02 6.3206630950e-01
1.4900000000e+02 6.4485716820e-01
1.5000000000e+02 4.6013519170e-01
1.5100000000e+02 5.3105157610e-01
1.5200000000e+02 5.8692908290e-01
1.5300000000e+02 6.2607693670e-01
1.5400000000e+02 6.5175622700e-01
1.5500000000e+02 6.6818767790e-01
1.5600000000e+02 6.7853522300e-01
1.5700000000e+02 6.8498891590e-01
1.5800000000e+02 6.8741869930e-01
1.5900000000e+02 6.8883883950e-01
1.6000000000e+02 6.9298958780e-01
1.6100000000e+02 7.0099782940e-01
1.6200000000e+02 7.1132320170e-01
1.6300000000e+02 7.1562600140e-01
1.6400000000e+02 7.1108937260e-01
1.6500000000e+02 6.9109767680e-01
1.6600000000e+02 6.5551340580e-01
1.6700000000e+02 6.3095921280e-01
1.6800000000e+02 6.2022900580e-01
1.6900000000e+02 6.0460942980e-01
1.7000000000e+02 5.8152848480e-01
1.7100000000e+02 5.6532979010e-01
1.7200000000e+02 5.4824852940e-01
1.7300000000e+02 5.3147250410e-01
1.7400000000e+02 5.3039169310e-01
1.7500000000e+02 5.4228657480e-01
1.7600000000e+02 5.5584555860e-01
1.7700000000e+02 5.6545990710e-01
1.7800000000e+02 5.7082939150e-01
1.7900000000e+02 5.7366162540e-01
1.8000000000e+02 5.7579082250e-01
1.8100000000e+02 5.7835841180e-01
1.8200000000e+02 5.8140325550e-01
1.8300000000e+02 5.8356690410e-01
1.8400000000e+02 5.8067750930e-01
1.8500000000e+02 5.5726987120e-01
1.8600000000e+02 4.4499471780e-01
1.8700000000e+02 2.1917848290e-01
1.8800000000e+02 3.4237816930e-01
1.8900000000e+02 4.6028470990e-01
1.9000000000e+02 5.1839935780e-01
1.9100000000e+02 5.5413526300e-01
1.9200000000e+02 5.8254784350e-01
1.9300000000e+02 6.1033463480e-01
1.9400000000e+02 6.3945305350e-01
1.9500000000e+02 6.6498327260e-01
1.9600000000e+02 6.7713356020e-01
1.9700000000e+02 6.7366147040e-01
1.9800000000e+02 6.6146385670e-01
1.9900000000e+02 6.4652854200e-01
2.0000000000e+02 5.6820625070e-01
2.0100000000e+02 6.2111407520e-01
2.0200000000e+02 6.5422523020e-01
2.0300000000e+02 6.7377436160e-01
2.0400000000e+02 6.8503224850e-01
2.0500000000e+02 6.9142973420e-01
2.0600000000e+02 6.9483226540e-01
2.0700000000e+02 6.9553464650e-01
2.0800000000e+02 6.8929183480e-01
2.0900000000e+02 7.0196604730e-01
2.1000000000e+02 7.1059036250e-01
2.1100000000e+02 7.2415804860e-01
2.1200000000e+02 7.3138254880e-01
2.1300000000e+02 7.3090189700e-01
2.1400000000e+02 7.1880358460e-01
2.1500000000e+02 6.8769025800e-01
2.1600000000e+02 6.5895360710e-01
2.1700000000e+02 6.4404863120e-01
2.1800000000e+02 6.2727946040e-01
2.1900000000e+02 6.0447961090e-01
2.2000000000e+02 5.7779061790e-01
2.2100000000e+02 5.4665023090e-01
2.2200000000e+02 5.2885216470e-01
2.2300000000e+02 5.3495258090e-01
2.2400000000e+02 5.4955732820e-01
2.2500000000e+02 5.6012195350e-01
2.2600000000e+02 5.6560671330e-01
2.2700000000e+02 5.6908583640e-01
2.2800000000e+02 5.7323288920e-01
2.2900000000e+02 5.7815909390e-01
2.3000000000e+02 5.8092975620e-01
2.3100000000e+02 5.7292145490e-01
2.3200000000e+02 5.2659565210e-01
2.3300000000e+02 3.6853408810e-01
2.3400000000e+02 2.5018665190e-01
2.3500000000e+02 3.7694773080e-01
2.3600000000e+02 4.7310677170e-01
2.3700000000e+02 5.2612841130e-01
2.3800000000e+02 5.6053119900e-01
2.3900000000e+02 5.8854883910e-01
2.4000000000e+02 6.1875241990e-01
2.4100000000e+02 6.5797191860e-01
2.4200000000e+02 6.5976113080e-01
2.4300000000e+02 6.3270771500e-01
2.4400000000e+02 6.2944257260e-01
2.4500000000e+02 6.3355714080e-01
2.4600000000e+02 6.3851350550e-01
2.4700000000e+02 6.4227002860e-01
2.4800000000e+02 6.4354532960e-01
2.4900000000e+02 6.4137053490e-01
2.5000000000e+02 6.3699287180e-01
2.5100000000e+02 6.6785222290e-01
2.5200000000e+02 6.8446874620e-01
2.5300000000e+02 6.9312602280e-01
2.5400000000e+02 6.9748103620e-01
2.5500000000e+02 6.9937980180e-01
2.5600000000e+02 6.9938647750e-01
2.5700000000e+02 6.8959712980e-01
2.5800000000e+02 7.0667636390e-01
2.5900000000e+02 7.1351069210e-01
2.6000000000e+02 7.2813063860e-01
2.6100000000e+02 7.3897928000e-01
2.6200000000e+02 7.4148583410e-01
2.6300000000e+02 7.3713588710e-01
2.6400000000e+02 7.1564644580e-01
2.6500000000e+02 6.8281984330e-01
2.6600000000e+02 6.6250705720e-01
2.6700000000e+02 6.4566034080e-01
2.6800000000e+02 6.2180078030e-01
2.6900000000e+02 5.8667111400e-01
2.7000000000e+02 5.4632836580e-01
2.7100000000e+02 5.2827262880e-01
2.7200000000e+02 5.3748112920e-01
2.7300000000e+02 5.4917114970e-01
2.7400000000e+02 5.5508279800e-01
2.7500000000e+02 5.5968916420e-01
2.7600000000e+02 5.6670737270e-01
2.7700000000e+02 5.7477223870e-01
2.7800000000e+02 5.7578849790e-01
2.7900000000e+02 5.4556256530e-01
2.8000000000e+02 4.1562145950e-01
2.8100000000e+02 2.6507323980e-01
2.8200000000e+02 3.5604202750e-01
2.8300000000e+02 4.5226040480e-01
2.8400000000e+02 5.0781553980e-01
2.8500000000e+02 5.4300349950e-01
2.8600000000e+02 5.6987541910e-01
2.8700000000e+02 5.9646892550e-01
2.8800000000e+02 6.3076418640e-01
2.8900000000e+02 5.6044954060e-01
2.9000000000e+02 5.7666468620e-01
2.9100000000e+02 6.0189086200e-01
2.9200000000e+02 6.1970239880e-01
2.9300000000e+02 6.3379615550e-01
2.9400000000e+02 6.4498907330e-01
2.9500000000e+02 6.5313804150e-01
2.9600000000e+02 6.5761238340e-01
2.9700000000e+02 6.5760260820e-01
2.9800000000e+02 6.5299505000e-01
2.9900000000e+02 6.4353001120e-01
3.0000000000e+02 6.7296314240e-01
3.0100000000e+02 6.8919789790e-01
3.0200000000e+02 6.9680768250e-01
3.0300000000e+02 7.0006358620e-01
3.0400000000e+02 7.0107620950e-01
3.0500000000e+02 7.0058715340e-01
3.0600000000e+02 6.9749003650e-01
3.0700000000e+02 6.4238852260e-01
3.0800000000e+02 7.1332967280e-01
3.0900000000e+02 7.2471159700e-01
3.1000000000e+02 7.3915326600e-01
3.1100000000e+02 7.4439972640e-01
3.1200000000e+02 7.4433618780e-01
3.1300000000e+02 7.3533105850e-01
3.1400000000e+02 7.0579403640e-01
3.1500000000e+02 6.7836838960e-01
3.1600000000e+02 6.6038089990e-01
3.1700000000e+02 6.3721048830e-01
3.1800000000e+02 5.9906321760e-01
3.1900000000e+02 5.5122566220e-01
3.2000000000e+02 5.2832955120e-01
3.2100000000e+02 5.3431993720e-01
3.2200000000e+02 5.4035854340e-01
3.2300000000e+02 5.4464620350e-01
3.2400000000e+02 5.5368578430e-01
3.2500000000e+02 5.6611871720e-01
3.2600000000e+02 5.6952559950e-01
3.2700000000e+02 5.2801507710e-01
3.2800000000e+02 3.7221238020e-01
3.2900000000e+02 2.9180973770e-01
3.3000000000e+02 3.8126143810e-01
3.3100000000e+02 4.5460766550e-01
3.3200000000e+02 4.9933317300e-01
3.3300000000e+02 5.2900236850e-01
3.3400000000e+02 5.5193603040e-01
3.3500000000e+02 5.7408583160e-01
3.3600000000e+02 5.8512014150e-01
3.3700000000e+02 5.0759881730e-01
3.3800000000e+02 5.6200790410e-01
3.3900000000e+02 5.8500236270e-01
3.4000000000e+02 6.0285151000e-01
3.4100000000e+02 6.1903834340e-01
3.4200000000e+02 6.3359463210e-01
3.4300000000e+02 6.4544564490e-01
3.4400000000e+02 6.5323930980e-01
3.4500000000e+02 6.5582084660e-01
3.4600000000e+02 6.5271049740e-01
3.4700000000e+02 6.4507943390e-01
3.4800000000e+02 6.2310731410e-01
3.4900000000e+02 5.1896864180e-01
3.5000000000e+02 6.9015300270e-01
3.5100000000e+02 6.9796097280e-01
3.5200000000e+02 7.0069587230e-01
3.5300000000e+02 7.0102065800e-01
3.5400000000e+02 7.0003563170e-01
3.5500000000e+02 6.9768947360e-01
3.5600000000e+02 6.8881952760e-01
3.5700000000e+02 7.0834159850e-01
3.5800000000e+02 7.1831619740e-01
3.5900000000e+02 7.3208725450e-01
3.6000000000e+02 7.4181479220e-01
3.6100000000e+02 7.4310302730e-01
3.6200000000e+02 7.4165064100e-01
3.6300000000e+02 7.2597342730e-01
3.6400000000e+02 6.9427293540e-01
3.6500000000e+02 6.7278057340e-01
3.6600000000e+02 6.5210306640e-01
3.6700000000e+02 6.1638438700e-01
3.6800000000e+02 5.6363904480e-01
3.6900000000e+02 5.2869755030e-01
3.7000000000e+02 5.2594053750e-01
3.7100000000e+02 5.2705365420e-01
3.7200000000e+02 5.3371536730e-01
3.7300000000e+02 5.4958629610e-01
3.7400000000e+02 5.6303656100e-01
3.7500000000e+02 5.3988128900e-01
3.7600000000e+02 4.0916544200e-01
3.7700000000e+02 3.0100908880e-01
3.7800000000e+02 3.5998803380e-01
3.7900000000e+02 4.2589366440e-01
3.8000000000e+02 4.6859705450e-01
3.8100000000e+02 4.9660491940e-01
3.8200000000e+02 5.1656365390e-01
3.8300000000e+02 5.3171098230e-01
3.8400000000e+02 5.0981616970e-01
3.8500000000e+02 4.9391901490e-01
3.8600000000e+02 5.3648787740e-01
3.8700000000e+02 5.5208480360e-01
3.8800000000e+02 5.6540924310e-01
3.8900000000e+02 5.8003014330e-01
3.9000000000e+02 5.9639370440e-01
3.9100000000e+02 6.1291313170e-01
3.9200000000e+02 6.2654078010e-01
3.9300000000e+02 6.3393664360e-01
3.9400000000e+02 6.3363122940e-01
3.9500000000e+02 6.2718367580e-01
3.9600000000e+02 6.1698096990e-01
3.9700000000e+02 5.7784116270e-01
3.9800000000e+02 4.2333167790e-01
3.9900000000e+02 3.7075558300e-01
4.0000000000e+02 6.9739240410e-01
4.0100000000e+02 7.0017945770e-01
4.0200000000e+02 6.9995975490e-01
4.0300000000e+02 6.9835913180e-01
4.0400000000e+02 6.9581991430e-01
4.0500000000e+02 6.9137036800e-01
4.0600000000e+02 6.6896849870e-01
4.0700000000e+02 7.1440702680e-01
4.0800000000e+02 7.2101306920e-01
4.0900000000e+02 7.3380279540e-01
4.1000000000e+02 7.3793941740e-01
4.1100000000e+02 7.3697745800e-01
4.1200000000e+02 7.3399388790e-01
4.1300000000e+02 7.1125960350e-01
4.1400000000e+02 6.8463367220e-01
4.1500000000e+02 6.6616243120e-01
4.1600000000e+02 6.3649535180e-01
4.1700000000e+02 5.8485490080e-01
4.1800000000e+02 5.3317153450e-01
4.1900000000e+02 5.1645600800e-01
4.2000000000e+02 5.1312041280e-01
4.2100000000e+02 5.2343225480e-01
4.2200000000e+02 5.4520130160e-01
4.2300000000e+02 5.5357795950e-01
4.2400000000e+02 4.8604604600e-01
4.2500000000e+02 3.3364760880e-01
4.2600000000e+02 3.2268115880e-01
4.2700000000e+02 3.8015455010e-01
4.2800000000e+02 4.2476570610e-01
4.2900000000e+02 4.5390826460e-01
4.3000000000e+02 4.7286629680e-01
4.3100000000e+02 4.8380213980e-01
4.3200000000e+02 4.6763402220e-01
4.3300000000e+02 4.5007336140e-01
4.3400000000e+02 5.0372129680e-01
4.3500000000e+02 5.1254326110e-01
4.3600000000e+02 5.1842629910e-01
4.3700000000e+02 5.2571594720e-01
4.3800000000e+02 5.3699463610e-01
4.3900000000e+02 5.5353593830e-01
4.4000000000e+02 5.7359486820e-01
4.4100000000e+02 5.9139907360e-01
4.4200000000e+02 6.0005140300e-01
4.4300000000e+02 5.9796351190e-01
4.4400000000e+02 5.8896839620e-01
4.4500000000e+02 5.6960177420e-01
4.4600000000e+02 4.9732178450e-01
4.4700000000e+02 2.9358392950e-01
4.4800000000e+02 3.6541435120e-01
4.4900000000e+02 4.7896096110e-01
4.5000000000e+02 6.9899052380e-01
4.5100000000e+02 6.9846266510e-01
4.5200000000e+02 6.9617891310e-01
4.5300000000e+02 6.9307112690e-01
4.5400000000e+02 6.8911910060e-01
4.5500000000e+02 6.8201178310e-01
4.5600000000e+02 6.3009083270e-01
4.5700000000e+02 7.1351689100e-01
4.5800000000e+02 7.2082859280e-01
4.5900000000e+02 7.3010623460e-01
4.6000000000e+02 7.2898447510e-01
4.6100000000e+02 7.2718894480e-01
4.6200000000e+02 7.2154927250e-01
4.6300000000e+02 6.9733113050e-01
4.6400000000e+02 6.7908918860e-01
4.6500000000e+02 6.5634644030e-01
4.6600000000e+02 6.1250150200e-01
4.6700000000e+02 5.4870915410e-01
4.6800000000e+02 5.1116353270e-01
4.6900000000e+02 5.0059020520e-01
4.7000000000e+02 5.1256692410e-01
4.7100000000e+02 5.3867888450e-01
4.7200000000e+02 5.4014617200e-01
4.7300000000e+02 4.3983328340e-01
4.7400000000e+02 3.1514230370e-01
4.7500000000e+02 3.2772591710e-01
4.7600000000e+02 3.7219008800e-01
4.7700000000e+02 4.0517103670e-01
4.7800000000e+02 4.2613574860e-01
4.7900000000e+02 4.3741485480e-01
4.8000000000e+02 4.3249845500e-01
4.8100000000e+02 3.0932483080e-01
4.8200000000e+02 4.6735790370e-01
4.8300000000e+02 4.7398591040e-01
4.8400000000e+02 4.7449612620e-01
4.8500000000e+02 4.7392624620e-01
4.8600000000e+02 4.7458609940e-01
4.8700000000e+02 4.7987255450e-01
4.8800000000e+02 4.9406033750e-01
4.8900000000e+02 5.1901298760e-01
4.9000000000e+02 5.4686570170e-01
4.9100000000e+02 5.6143015620e-01
4.9200000000e+02 5.5752271410e-01
4.9300000000e+02 5.3762263060e-01
4.9400000000e+02 4.8720642920e-01
4.9500000000e+02 3.4744402770e-01
4.9600000000e+02 2.0654411610e-01
4.9700000000e+02 3.8366636630e-01
4.9800000000e+02 3.9425820110e-01
4.9900000000e+02 3.8590991500e-01
5.0000000000e+02 6.9695073370e-01
5.0100000000e+02 6.9402289390e-01
5.0200000000e+02 6.9013077020e-01
5.0300000000e+02 6.8575888870e-01
5.0400000000e+02 6.8043804170e-01
5.0500000000e+02 6.6992414000e-01
5.0600000000e+02 6.1965852980e-01
5.0700000000e+02 7.1024954320e-01
5.0800000000e+02 7.1759957080e-01
5.0900000000e+02 7.2142243390e-01
5.1000000000e+02 7.1598696710e-01
5.1100000000e+02 7.1503734590e-01
5.1200000000e+02 7.0706349610e-01
5.1300000000e+02 6.9046044350e-01
5.1400000000e+02 6.7448771000e-01
5.1500000000e+02 6.4064514640e-01
5.1600000000e+02 5.7948774100e-01
5.1700000000e+02 5.1659244300e-01
5.1800000000e+02 4.9143385890e-01
5.1900000000e+02 5.0002449750e-01
5.2000000000e+02 5.2918440100e-01
5.2100000000e+02 5.2888071540e-01
5.2200000000e+02 4.1911813620e-01
5.2300000000e+02 3.0838307740e-01
5.2400000000e+02 3.1692725420e-01
5.2500000000e+02 3.5129952430e-01
5.2600000000e+02 3.7712579970e-01
5.2700000000e+02 3.9224755760e-01
5.2800000000e+02 3.9563363790e-01
5.2900000000e+02 3.5853284600e-01
5.3000000000e+02 4.1102811690e-01
5.3100000000e+02 4.3732807040e-01
5.3200000000e+02 4.3585458400e-01
5.3300000000e+02 4.3174216150e-01
5.3400000000e+02 4.2569759490e-01
5.3500000000e+02 4.1891598700e-01
5.3600000000e+02 4.1459259390e-01
5.3700000000e+02 4.2080393430e-01
5.3800000000e+02 4.5085790750e-01
5.3900000000e+02 4.9986338620e-01
5.4000000000e+02 5.2562069890e-01
5.4100000000e+02 5.1252996920e-01
5.4200000000e+02 4.6193310620e-01
5.4300000000e+02 3.4619069100e-01
5.4400000000e+02 1.9175764920e-01
5.4500000000e+02 2.8995996710e-01
5.4600000000e+02 4.2108961940e-01
5.4700000000e+02 3.8132667540e-01
5.4800000000e+02 4.2130827900e-01
5.4900000000e+02 4.6697327490e-01
5.5000000000e+02 6.9230729340e-01
5.5100000000e+02 6.8750900030e-01
5.5200000000e+02 6.8232232330e-01
5.5300000000e+02 6.7688792940e-01
5.5400000000e+02 6.7027944330e-01
5.5500000000e+02 6.5529018640e-01
5.5600000000e+02 6.8326121570e-01
5.5700000000e+02 7.0525419710e-01
5.5800000000e+02 7.1105331180e-01
5.5900000000e+02 7.0796346660e-01
5.6000000000e+02 7.0068252090e-01
5.6100000000e+02 7.0239651200e-01
5.6200000000e+02 6.9691407680e-01
5.6300000000e+02 6.8943464760e-01
5.6400000000e+02 6.6612827780e-01
5.6500000000e+02 6.1806899310e-01
5.6600000000e+02 5.4120194910e-01
5.6700000000e+02 4.9013465640e-01
5.6800000000e+02 4.8666957020e-01
5.6900000000e+02 5.1601636410e-01
5.7000000000e+02 5.2211654190e-01
5.7100000000e+02 4.1996219750e-01
5.7200000000e+02 3.0435547230e-01
5.7300000000e+02 2.9837226870e-01
5.7400000000e+02 3.2422003150e-01
5.7500000000e+02 3.4513634440e-01
5.7600000000e+02 3.5587725040e-01
5.7700000000e+02 3.5124933720e-01
5.7800000000e+02 2.8810226920e-01
5.7900000000e+02 3.9727592470e-01
5.8000000000e+02 4.0004807710e-01
5.8100000000e+02 3.9512512090e-01
5.8200000000e+02 3.8772940640e-01
5.8300000000e+02 3.7711980940e-01
5.8400000000e+02 3.6276376250e-01
5.8500000000e+02 3.4619778390e-01
5.8600000000e+02 3.3773401380e-01
5.8700000000e+02 3.7257215380e-01
5.8800000000e+02 4.6145334840e-01
5.8900000000e+02 4.9897116420e-01
5.9000000000e+02 4.6016371250e-01
5.9100000000e+02 3.4979075190e-01
5.9200000000e+02 1.9201529030e-01
5.9300000000e+02 2.3909719290e-01
5.9400000000e+02 3.7768030170e-01
5.9500000000e+02 4.4077879190e-01
5.9600000000e+02 4.0327620510e-01
5.9700000000e+02 4.1294491290e-01
5.9800000000e+02 4.4936585430e-01
5.9900000000e+02 4.6674865480e-01
6.0000000000e+02 6.8565887210e-01
6.0100000000e+02 6.7935937640e-01
6.0200000000e+02 6.7312347890e-01
6.0300000000e+02 6.6681641340e-01
6.0400000000e+02 6.5896940230e-01
6.0500000000e+02 6.3801145550e-01
6.0600000000e+02 7.0041453840e-01
6.0700000000e+02 6.9855540990e-01
6.0800000000e+02 7.0062637330e-01
6.0900000000e+02 6.9076919560e-01
6.1000000000e+02 6.8608820440e-01
6.1100000000e+02 6.9107884170e-01
6.1200000000e+02 6.9494324920e-01
6.1300000000e+02 6.8862783910e-01
6.1400000000e+02 6.5295046570e-01
6.1500000000e+02 5.8664119240e-01
6.1600000000e+02 5.0535607340e-01
6.1700000000e+02 4.7673976420e-01
6.1800000000e+02 4.9908173080e-01
6.1900000000e+02 5.1666235920e-01
6.2000000000e+02 4.3575620650e-01
6.2100000000e+02 3.0737036470e-01
6.2200000000e+02 2.7782526610e-01
6.2300000000e+02 2.9418265820e-01
6.2400000000e+02 3.1112828850e-01
6.2500000000e+02 3.1864732500e-01
6.2600000000e+02 3.0736845730e-01
6.2700000000e+02 2.8432029490e-01
6.2800000000e+02 3.6361801620e-01
6.2900000000e+02 3.6047664280e-01
6.3000000000e+02 3.5332301260e-01
6.3100000000e+02 3.4332364800e-01
6.3200000000e+02 3.2878312470e-01
6.3300000000e+02 3.0778983240e-01
6.3400000000e+02 2.7916514870e-01
6.3500000000e+02 2.5383609530e-01
6.3600000000e+02 3.0143976210e-01
6.3700000000e+02 4.5090791580e-01
6.3800000000e+02 4.8191773890e-01
6.3900000000e+02 3.8887268300e-01
6.4000000000e+02 2.0927184820e-01
6.4100000000e+02 1.8365074690e-01
6.4200000000e+02 3.4393233060e-01
6.4300000000e+02 4.1912841800e-01
6.4400000000e+02 4.3977406620e-01
6.4500000000e+02 4.5125430820e-01
6.4600000000e+02 3.9121347670e-01
6.4700000000e+02 4.2939257620e-01
6.4800000000e+02 4.4659811260e-01
6.4900000000e+02 4.5564126970e-01
6.5000000000e+02 6.7735749480e-01
6.5100000000e+02 6.6985499860e-01
6.5200000000e+02 6.6279006000e-01
6.5300000000e+02 6.5576720240e-01
6.5400000000e+02 6.4672976730e-01
6.5500000000e+02 6.1770582200e-01
6.5600000000e+02 6.9667923450e-01
6.5700000000e+02 6.8980902430e-01
6.5800000000e+02 6.8591970210e-01
6.5900000000e+02 6.7290568350e-01
6.6000000000e+02 6.7418777940e-01
6.6100000000e+02 6.8339073660e-01
6.6200000000e+02 6.9950401780e-01
6.6300000000e+02 6.8414819240e-01
6.6400000000e+02 6.3461291790e-01
6.6500000000e+02 5.4725825790e-01
6.6600000000e+02 4.7955212000e-01
6.6700000000e+02 4.8067086940e-01
6.6800000000e+02 5.0700140000e-01
6.6900000000e+02 4.5802563430e-01
6.7000000000e+02 3.2367521520e-01
6.7100000000e+02 2.6074296240e-01
6.7200000000e+02 2.6298677920e-01
6.7300000000e+02 2.7557510140e-01
6.7400000000e+02 2.8083145620e-01
6.7500000000e+02 2.6645791530e-01
6.7600000000e+02 2.8192734720e-01
6.7700000000e+02 3.2529550790e-01
6.7800000000e+02 3.1957212090e-01
6.7900000000e+02 3.1069466470e-01
6.8000000000e+02 2.9856511950e-01
6.8100000000e+02 2.8110075000e-01
6.8200000000e+02 2.5529855490e-01
6.8300000000e+02 2.1864938740e-01
6.8400000000e+02 1.8672825400e-01
6.8500000000e+02 2.7638626100e-01
6.8600000000e+02 4.6329712870e-01
6.8700000000e+02 4.4555437560e-01
6.8800000000e+02 2.7849638460e-01
6.8900000000e+02 1.4081671830e-01
6.9000000000e+02 2.7732154730e-01
6.9100000000e+02 4.0545713900e-01
6.9200000000e+02 4.3892991540e-01
6.9300000000e+02 4.2538538580e-01
6.9400000000e+02 4.6715098620e-01
6.9500000000e+02 3.6794912820e-01
6.9600000000e+02 4.0737095480e-01
6.9700000000e+02 4.2630416150e-01
6.9800000000e+02 4.3442580100e-01
6.9900000000e+02 4.3731832500e-01
7.0000000000e+02 6.6763323550e-01
7.0100000000e+02 6.5917420390e-01
7.0200000000e+02 6.5145534280e-01
7.0300000000e+02 6.4388459920e-01
7.0400000000e+02 6.3364827630e-01
7.0500000000e+02 5.9410071370e-01
7.0600000000e+02 6.8733114000e-01
7.0700000000e+02 6.7858707900e-01
7.0800000000e+02 6.6815245150e-01
7.0900000000e+02 6.5860205890e-01
7.1000000000e+02 6.6284018750e-01
7.1100000000e+02 6.8283265830e-01
7.1200000000e+02 7.0645290610e-01
7.1300000000e+02 6.7433857920e-01
7.1400000000e+02 6.0776925090e-01
7.1500000000e+02 5.0896012780e-01
7.1600000000e+02 4.6920806170e-01
7.1700000000e+02 4.9020016190e-01
7.1800000000e+02 4.7536793350e-01
7.1900000000e+02 3.5534650090e-01
7.2000000000e+02 2.5368240480e-01
7.2100000000e+02 2.3291258510e-01
7.2200000000e+02 2.3883460460e-01
7.2300000000e+02 2.4259951710e-01
7.2400000000e+02 2.2971829770e-01
7.2500000000e+02 2.5806272030e-01
7.2600000000e+02 2.8480288390e-01
7.2700000000e+02 2.7795743940e-01
7.2800000000e+02 2.6827448610e-01
7.2900000000e+02 2.5522562860e-01
7.3000000000e+02 2.3670786620e-01
7.3100000000e+02 2.1002611520e-01
7.3200000000e+02 1.7552606760e-01
7.3300000000e+02 1.6858409350e-01
7.3400000000e+02 3.0504351850e-01
7.3500000000e+02 4.1554301980e-01
7.3600000000e+02 3.4990769620e-01
7.3700000000e+02 1.7834354940e-01
7.3800000000e+02 1.9719535110e-01
7.3900000000e+02 3.5010805730e-01
7.4000000000e+02 4.3344229460e-01
7.4100000000e+02 4.4950997830e-01
7.4200000000e+02 4.0217471120e-01
7.4300000000e+02 4.4334673880e-01
7.4400000000e+02 3.9929491280e-01
7.4500000000e+02 3.7996876240e-01
7.4600000000e+02 4.0137749910e-01
7.4700000000e+02 4.0784347060e-01
7.4800000000e+02 4.0732833740e-01
7.4900000000e+02 4.0272414680e-01
7.5000000000e+02 6.5660148860e-01
7.5100000000e+02 6.4736169580e-01
7.5200000000e+02 6.3918060060e-01
7.5300000000e+02 6.3119697570e-01
7.5400000000e+02 6.1978280540e-01
7.5500000000e+02 5.6819272040e-01
7.5600000000e+02 6.7585211990e-01
7.5700000000e+02 6.6499078270e-01
7.5800000000e+02 6.5149068830e-01
7.5900000000e+02 6.4758467670e-01
7.6000000000e+02 6.5127682690e-01
7.6100000000e+02 6.9133472440e-01
7.6200000000e+02 7.1021270750e-01
7.6300000000e+02 6.5788513420e-01
7.6400000000e+02 5.7108515500e-01
7.6500000000e+02 4.8058125380e-01
7.6600000000e+02 4.7062483430e-01
7.6700000000e+02 4.7745057940e-01
7.6800000000e+02 3.9262211320e-01
7.6900000000e+02 2.6304572820e-01
7.7000000000e+02 2.0774894950e-01
7.7100000000e+02 2.0238506790e-01
7.7200000000e+02 2.0538601280e-01
7.7300000000e+02 1.9794681670e-01
7.7400000000e+02 2.2275646030e-01
7.7500000000e+02 2.4392704670e-01
7.7600000000e+02 2.3861770330e-01
7.7700000000e+02 2.3072372380e-01
7.7800000000e+02 2.1987020970e-01
7.7900000000e+02 2.0499879120e-01
7.8000000000e+02 1.8687871100e-01
7.8100000000e+02 1.7877237500e-01
7.8200000000e+02 2.1518632770e-01
7.8300000000e+02 2.7111402150e-01
7.8400000000e+02 2.9102209210e-01
7.8500000000e+02 2.5073647500e-01
7.8600000000e+02 1.7451585830e-01
7.8700000000e+02 2.7371814850e-01
7.8800000000e+02 3.9041271810e-01
7.8900000000e+02 4.4271165130e-01
7.9000000000e+02 4.4948261980e-01
7.9100000000e+02 3.7349352240e-01
7.9200000000e+02 4.0609818700e-01
7.9300000000e+02 4.4038498400e-01
7.9400000000e+02 3.5116118190e-01
7.9500000000e+02 3.7191021440e-01
7.9600000000e+02 3.7642183900e-01
7.9700000000e+02 3.7234354020e-01
7.9800000000e+02 3.6286434530e-01
7.9900000000e+02 3.5203844310e-01
8.0000000000e+02 6.4427024130e-01
8.0100000000e+02 6.3444352150e-01
8.0200000000e+02 6.2600308660e-01
8.0300000000e+02 6.1784672740e-01
8.0400000000e+02 6.0539072750e-01
8.0500000000e+02 5.4590392110e-01
8.0600000000e+02 6.6379070280e-01
8.0700000000e+02 6.5100324150e-01
8.0800000000e+02 6.3992202280e-01
8.0900000000e+02 6.3362139460e-01
8.1000000000e+02 6.4491099120e-01
8.1100000000e+02 7.0669883490e-01
8.1200000000e+02 7.0356464390e-01
8.1300000000e+02 6.3360434770e-01
8.1400000000e+02 5.3018766640e-01
8.1500000000e+02 4.6357598900e-01
8.1600000000e+02 4.6330171820e-01
8.1700000000e+02 4.1652491690e-01
8.1800000000e+02 2.8817635770e-01
8.1900000000e+02 1.9390016790e-01
8.2000000000e+02 1.7039293050e-01
8.2100000000e+02 1.7285504940e-01
8.2200000000e+02 1.7297385630e-01
8.2300000000e+02 1.8234345320e-01
8.2400000000e+02 2.0831425490e-01
8.2500000000e+02 2.1010050180e-01
8.2600000000e+02 2.0879730580e-01
8.2700000000e+02 2.0602986220e-01
8.2800000000e+02 2.0446793740e-01
8.2900000000e+02 2.1139004830e-01
8.3000000000e+02 2.2010657190e-01
8.3100000000e+02 2.1319177750e-01
8.3200000000e+02 2.0337782800e-01
8.3300000000e+02 2.0446148510e-01
8.3400000000e+02 2.1288338300e-01
8.3500000000e+02 2.2588436310e-01
8.3600000000e+02 3.2931643720e-01
8.3700000000e+02 4.1089090700e-01
8.3800000000e+02 4.4058850410e-01
8.3900000000e+02 4.3764722350e-01
8.4000000000e+02 3.5016030070e-01
8.4100000000e+02 3.6979454760e-01
8.4200000000e+02 4.0606659650e-01
8.4300000000e+02 3.7335887550e-01
8.4400000000e+02 3.5337275270e-01
8.4500000000e+02 3.5646551850e-01
8.4600000000e+02 3.5032850500e-01
8.4700000000e+02 3.3837619420e-01
8.4800000000e+02 3.2494661210e-01
8.4900000000e+02 3.1691733000e-01
8.5000000000e+02 6.3061374430e-01
8.5100000000e+02 6.2051528690e-01
8.5200000000e+02 6.1218750480e-01
8.5300000000e+02 6.0438919070e-01
8.5400000000e+02 5.9128326180e-01
8.5500000000e+02 5.4295563700e-01
8.5600000000e+02 6.5341854100e-01
8.5700000000e+02 6.4020591970e-01
8.5800000000e+02 6.3010996580e-01
8.5900000000e+02 6.1513650420e-01
8.6000000000e+02 6.4777344470e-01
8.6100000000e+02 7.2189682720e-01
8.6200000000e+02 6.8044137950e-01
8.6300000000e+02 5.9961032870e-01
8.6400000000e+02 4.8977440600e-01
8.6500000000e+02 4.4599354270e-01
8.6600000000e+02 4.1738349200e-01
8.6700000000e+02 3.1675419210e-01
8.6800000000e+02 1.9806353750e-01
8.6900000000e+02 1.5019148590e-01
8.7000000000e+02 1.5024429560e-01
8.7100000000e+02 1.5804663300e-01
8.7200000000e+02 1.4393664900e-01
8.7300000000e+02 1.8820111450e-01
8.7400000000e+02 2.0307682450e-01
8.7500000000e+02 2.1308410170e-01
8.7600000000e+02 2.2412133220e-01
8.7700000000e+02 2.3422265050e-01
8.7800000000e+02 2.2561210390e-01
8.7900000000e+02 2.1232366560e-01
8.8000000000e+02 2.0008334520e-01
8.8100000000e+02 1.8728601930e-01
8.8200000000e+02 1.8074569110e-01
8.8300000000e+02 2.0414765180e-01
8.8400000000e+02 2.7186489110e-01
8.8500000000e+02 3.6325919630e-01
8.8600000000e+02 4.1725790500e-01
8.8700000000e+02 4.3229675290e-01
8.8800000000e+02 4.2259329560e-01
8.8900000000e+02 3.4501355890e-01
8.9000000000e+02 3.4840637450e-01
8.9100000000e+02 3.8803374770e-01
8.9200000000e+02 4.2531135680e-01
8.9300000000e+02 3.7687903640e-01
8.9400000000e+02 3.7042772770e-01
8.9500000000e+02 3.6289769410e-01
8.9600000000e+02 3.5002949830e-01
8.9700000000e+02 3.3630120750e-01
8.9800000000e+02 3.2842761280e-01
8.9900000000e+02 3.3056360480e-01
9.0000000000e+02 6.1586129670e-01
9.0100000000e+02 6.0611170530e-01
9.0200000000e+02 5.9880745410e-01
9.0300000000e+02 5.9233248230e-01
9.0400000000e+02 5.7933574910e-01
9.0500000000e+02 5.7166218760e-01
9.0600000000e+02 6.4771330360e-01
9.0700000000e+02 6.3296371700e-01
9.0800000000e+02 6.1447799210e-01
9.0900000000e+02 5.9915184970e-01
9.1000000000e+02 6.5740871430e-01
9.1100000000e+02 7.2367560860e-01
9.1200000000e+02 6.4234018330e-01
9.1300000000e+02 5.5047380920e-01
9.1400000000e+02 4.4976615910e-01
9.1500000000e+02 4.1129621860e-01
9.1600000000e+02 3.4119251370e-01
9.1700000000e+02 2.2289952640e-01
9.1800000000e+02 1.4871792500e-01
9.1900000000e+02 1.4060392980e-01
9.2000000000e+02 1.5519484880e-01
9.2100000000e+02 1.2056116010e-01
9.2200000000e+02 1.8451270460e-01
9.2300000000e+02 2.1430617570e-01
9.2400000000e+02 2.3431824150e-01
9.2500000000e+02 2.3712705080e-01
9.2600000000e+02 2.2247251870e-01
9.2700000000e+02 2.2380486130e-01
9.2800000000e+02 2.2535622120e-01
9.2900000000e+02 2.2241771220e-01
9.3000000000e+02 2.1300177280e-01
9.3100000000e+02 1.9671757520e-01
9.3200000000e+02 1.9326719640e-01
9.3300000000e+02 2.7021086220e-01
9.3400000000e+02 3.6362010240e-01
9.3500000000e+02 4.0311521290e-01
9.3600000000e+02 4.1399902110e-01
9.3700000000e+02 4.0438181160e-01
9.3800000000e+02 3.4744483230e-01
9.3900000000e+02 3.3761712910e-01
9.4000000000e+02 3.8758519290e-01
9.4100000000e+02 4.2294475440e-01
9.4200000000e+02 4.7189438340e-01
9.4300000000e+02 4.1994518040e-01
9.4400000000e+02 4.0106934310e-01
9.4500000000e+02 3.8372486830e-01
9.4600000000e+02 3.6724373700e-01
9.4700000000e+02 3.5630705950e-01
9.4800000000e+02 3.5282370450e-01
9.4900000000e+02 3.5452809930e-01
9.5000000000e+02 6.0102021690e-01
9.5100000000e+02 5.9302037950e-01
9.5200000000e+02 5.8768671750e-01
9.5300000000e+02 5.8455306290e-01
9.5400000000e+02 5.7224798200e-01
9.5500000000e+02 6.1593246460e-01
9.5600000000e+02 6.4598089460e-01
9.5700000000e+02 6.2389755250e-01
9.5800000000e+02 5.9108382460e-01
9.5900000000e+02 5.9026563170e-01
9.6000000000e+02 6.6565740110e-01
9.6100000000e+02 6.9481956960e-01
9.6200000000e+02 5.9552639720e-01
9.6300000000e+02 4.9168413880e-01
9.6400000000e+02 4.3170487880e-01
9.6500000000e+02 3.7296032910e-01
9.6600000000e+02 2.6283416150e-01
9.6700000000e+02 1.6611918810e-01
9.6800000000e+02 1.4180380110e-01
9.6900000000e+02 1.6110846400e-01
9.7000000000e+02 1.3759076600e-01
9.7100000000e+02 1.7767176030e-01
9.7200000000e+02 2.2214815020e-01
9.7300000000e+02 2.2811228040e-01
9.7400000000e+02 2.1127983930e-01
9.7500000000e+02 2.3404291270e-01
9.7600000000e+02 2.4837633970e-01
9.7700000000e+02 2.5592496990e-01
9.7800000000e+02 2.5787472720e-01
9.7900000000e+02 2.5225147600e-01
9.8000000000e+02 2.3249958460e-01
9.8100000000e+02 1.8813103440e-01
9.8200000000e+02 1.8987569210e-01
9.8300000000e+02 2.9110232000e-01
9.8400000000e+02 3.3929654960e-01
9.8500000000e+02 3.5381081700e-01
9.8600000000e+02 3.4804660080e-01
9.8700000000e+02 3.1306025390e-01
9.8800000000e+02 3.0093961950e-01
9.8900000000e+02 3.5481661560e-01
9.9000000000e+02 3.8425892590e-01
9.9100000000e+02 4.4693684580e-01
9.9200000000e+02 4.7178810830e-01
9.9300000000e+02 4.0480419990e-01
9.9400000000e+02 3.6815622450e-01
9.9500000000e+02 3.3991718290e-01
9.9600000000e+02 3.1573116780e-01
9.9700000000e+02 2.9381859300e-01
9.9800000000e+02 2.7623632550e-01
9.9900000000e+02 2.7929726240e-01
1.0000000000e+03 5.8867049220e-01
1.0010000000e+03 5.8462214470e-01
1.0020000000e+03 5.8416330810e-01
1.0030000000e+03 5.8403354880e-01
1.0040000000e+03 5.7097190620e-01
1.0050000000e+03 6.5374964480e-01
1.0060000000e+03 6.4221721890e-01
1.0070000000e+03 6.0796731710e-01
1.0080000000e+03 5.6457972530e-01
1.0090000000e+03 5.8333647250e-01
1.0100000000e+03 6.6088593010e-01
1.0110000000e+03 6.3454222680e-01
1.0120000000e+03 5.5116581920e-01
1.0130000000e+03 4.8526322840e-01
1.0140000000e+03 4.2660835390e-01
1.0150000000e+03 3.0579087140e-01
1.0160000000e+03 1.9176478680e-01
1.0170000000e+03 1.4692662660e-01
1.0180000000e+03 1.6602616010e-01
1.0190000000e+03 1.9330413640e-01
1.0200000000e+03 1.4852237700e-01
1.0210000000e+03 2.0485603810e-01
1.0220000000e+03 1.6952787340e-01
1.0230000000e+03 2.1926021580e-01
1.0240000000e+03 2.4404236670e-01
1.0250000000e+03 2.5501364470e-01
1.0260000000e+03 2.5955814120e-01
1.0270000000e+03 2.5952029230e-01
1.0280000000e+03 2.5401461120e-01
1.0290000000e+03 2.3635455970e-01
1.0300000000e+03 1.7932403090e-01
1.0310000000e+03 7.5390137730e-02
1.0320000000e+03 1.4434015750e-01
1.0330000000e+03 2.1229578550e-01
1.0340000000e+03 2.2960944470e-01
1.0350000000e+03 2.2558307650e-01
1.0360000000e+03 2.1101653580e-01
1.0370000000e+03 2.0847876370e-01
1.0380000000e+03 2.4807308610e-01
1.0390000000e+03 2.6656624670e-01
1.0400000000e+03 2.9330724480e-01
1.0410000000e+03 3.8153019550e-01
1.0420000000e+03 3.3136537670e-01
1.0430000000e+03 2.7125635740e-01
1.0440000000e+03 2.4350458380e-01
1.0450000000e+03 2.3576886950e-01
1.0460000000e+03 2.4968887870e-01
1.0470000000e+03 2.7316311000e-01
1.0480000000e+03 2.8779754040e-01
1.0490000000e+03 2.9381698370e-01
1.0500000000e+03 5.8303868770e-01
1.0510000000e+03 5.8449989560e-01
1.0520000000e+03 5.8821821210e-01
1.0530000000e+03 5.8990681170e-01
1.0540000000e+03 5.7193809750e-01
1.0550000000e+03 6.7586004730e-01
1.0560000000e+03 6.2943279740e-01
1.0570000000e+03 5.8145093920e-01
1.0580000000e+03 5.3411412240e-01
1.0590000000e+03 5.6407785420e-01
1.0600000000e+03 6.3147383930e-01
1.0610000000e+03 5.8096492290e-01
1.0620000000e+03 5.3205317260e-01
1.0630000000e+03 4.8280850050e-01
1.0640000000e+03 3.4827008840e-01
1.0650000000e+03 2.1328349410e-01
1.0660000000e+03 1.4897939560e-01
1.0670000000e+03 1.5978336330e-01
1.0680000000e+03 2.2492600980e-01
1.0690000000e+03 1.0374564680e-01
1.0700000000e+03 1.5810503070e-01
1.0710000000e+03 1.4035852250e-01
1.0720000000e+03 1.8928913770e-01
1.0730000000e+03 1.9850516320e-01
1.0740000000e+03 1.9701084490e-01
1.0750000000e+03 1.9136179980e-01
1.0760000000e+03 1.8373398480e-01
1.0770000000e+03 1.7430637780e-01
1.0780000000e+03 1.5971110760e-01
1.0790000000e+03 1.2330522390e-01
1.0800000000e+03 3.0066607520e-02
1.0810000000e+03 4.0756389500e-02
1.0820000000e+03 1.0145989060e-01
1.0830000000e+03 1.1594736580e-01
1.0840000000e+03 1.1077108230e-01
1.0850000000e+03 1.1095184830e-01
1.0860000000e+03 1.1302145570e-01
1.0870000000e+03 1.3391934340e-01
1.0880000000e+03 1.4853960280e-01
1.0890000000e+03 1.6653591390e-01
1.0900000000e+03 2.2179667650e-01
1.0910000000e+03 3.2532587650e-01
1.0920000000e+03 2.3599451780e-01
1.0930000000e+03 1.7856773730e-01
1.0940000000e+03 1.6257603470e-01
1.0950000000e+03 1.6061814130e-01
1.0960000000e+03 1.6085854170e-01
1.0970000000e+03 1.5976396200e-01
1.0980000000e+03 1.6013504560e-01
1.0990000000e+03 1.6655156020e-01
1.1000000000e+03 5.8649957180e-01
1.1010000000e+03 5.9166061880e-01
1.1020000000e+03 5.9653449060e-01
1.1030000000e+03 5.9636557100e-01
1.1040000000e+03 5.6869781020e-01
1.1050000000e+03 6.7493784430e-01
1.1060000000e+03 5.9837853910e-01
1.1070000000e+03 5.2942657470e-01
1.1080000000e+03 4.7923660280e-01
1.1090000000e+03 5.1104378700e-01
1.1100000000e+03 5.6670951840e-01
1.1110000000e+03 5.2284955980e-01
1.1120000000e+03 4.8126590250e-01
1.1130000000e+03 3.8949066400e-01
1.1140000000e+03 2.3822499810e-01
1.1150000000e+03 1.5044867990e-01
1.1160000000e+03 1.4155113700e-01
1.1170000000e+03 2.0558142660e-01
1.1180000000e+03 8.9261285960e-02
1.1190000000e+03 1.1352122580e-01
1.1200000000e+03 8.8051170110e-02
1.1210000000e+03 1.1761385200e-01
1.1220000000e+03 1.1884294450e-01
1.1230000000e+03 1.1378466340e-01
1.1240000000e+03 1.0738421980e-01
1.1250000000e+03 1.0105867680e-01
1.1260000000e+03 9.4889700410e-02
1.1270000000e+03 8.7374590340e-02
1.1280000000e+03 7.1594648060e-02
1.1290000000e+03 2.5578940290e-02
1.1300000000e+03 9.6075423060e-03
1.1310000000e+03 5.2891157570e-02
1.1320000000e+03 6.6939786080e-02
1.1330000000e+03 5.1704905930e-02
1.1340000000e+03 4.1171818970e-02
1.1350000000e+03 5.2193284030e-02
1.1360000000e+03 7.9990655180e-02
1.1370000000e+03 8.8156700130e-02
1.1380000000e+03 1.0077775270e-01
1.1390000000e+03 1.3053730130e-01
1.1400000000e+03 1.9447833300e-01
1.1410000000e+03 1.5713851150e-01
1.1420000000e+03 8.5679411890e-02
1.1430000000e+03 8.2528918980e-02
1.1440000000e+03 9.0353325010e-02
1.1450000000e+03 9.1746978460e-02
1.1460000000e+03 9.2451326550e-02
1.1470000000e+03 9.3720681970e-02
1.1480000000e+03 9.7429841760e-02
1.1490000000e+03 1.0758638380e-01
1.1500000000e+03 5.9512406590e-01
1.1510000000e+03 5.9965574740e-01
1.1520000000e+03 6.0171788930e-01
1.1530000000e+03 5.9605151410e-01
1.1540000000e+03 5.5262559650e-01
1.1550000000e+03 6.3403791190e-01
1.1560000000e+03 5.2271521090e-01
1.1570000000e+03 4.0263116360e-01
1.1580000000e+03 3.8562619690e-01
1.1590000000e+03 4.2122203110e-01
1.1600000000e+03 4.8836314680e-01
1.1610000000e+03 4.4707882400e-01
1.1620000000e+03 4.0148502590e-01
1.1630000000e+03 2.9089897870e-01
1.1640000000e+03 1.7030315100e-01
1.1650000000e+03 1.2524366380e-01
1.1660000000e+03 1.5532174710e-01
1.1670000000e+03 1.0299707950e-01
1.1680000000e+03 1.0167600210e-01
1.1690000000e+03 4.4993426650e-02
1.1700000000e+03 6.9666102530e-02
1.1710000000e+03 7.5351923700e-02
1.1720000000e+03 7.4452504520e-02
1.1730000000e+03 7.1832843120e-02
1.1740000000e+03 6.8965338170e-02
1.1750000000e+03 6.6192306580e-02
1.1760000000e+03 6.2984414400e-02
1.1770000000e+03 5.6046560410e-02
1.1780000000e+03 3.1862001870e-02
1.1790000000e+03 2.4029554330e-03
1.1800000000e+03 2.6733720680e-02
1.1810000000e+03 3.5101469610e-02
1.1820000000e+03 1.7177753620e-03
1.1830000000e+03 2.8658866880e-02
1.1840000000e+03 5.2410148080e-02
1.1850000000e+03 4.6153649690e-02
1.1860000000e+03 5.0526756790e-02
1.1870000000e+03 6.4962588250e-02
1.1880000000e+03 8.4067970510e-02
1.1890000000e+03 1.1195065830e-01
1.1900000000e+03 1.3134352860e-01
1.1910000000e+03 7.0815406740e-02
1.1920000000e+03 6.7065604030e-02
1.1930000000e+03 6.4176805320e-02
1.1940000000e+03 6.9253757600e-02
1.1950000000e+03 7.5147941710e-02
1.1960000000e+03 7.6163291930e-02
1.1970000000e+03 7.6905563470e-02
1.1980000000e+03 8.3538219330e-02
1.1990000000e+03 9.7636453810e-02
1.2000000000e+03 6.0083997250e-01
1.2010000000e+03 6.0052806140e-01
1.2020000000e+03 5.9573996070e-01
1.2030000000e+03 5.7759237290e-01
1.2040000000e+03 5.0021749730e-01
1.2050000000e+03 5.0334644320e-01
1.2060000000e+03 3.4951466320e-01
1.2070000000e+03 2.7144220470e-01
1.2080000000e+03 3.2919400930e-01
1.2090000000e+03 3.8306137920e-01
1.2100000000e+03 4.6517032380e-01
1.2110000000e+03 4.0576410290e-01
1.2120000000e+03 3.5281348230e-01
1.2130000000e+03 2.3545570670e-01
1.2140000000e+03 1.3546745480e-01
1.2150000000e+03 1.1070371420e-01
1.2160000000e+03 9.7911022600e-02
1.2170000000e+03 1.1019530890e-01
1.2180000000e+03 7.2815038260e-02
1.2190000000e+03 4.6848461030e-02
1.2200000000e+03 5.9773415330e-02
1.2210000000e+03 6.3009455800e-02
1.2220000000e+03 6.2821470200e-02
1.2230000000e+03 6.1605483290e-02
1.2240000000e+03 6.0251493010e-02
1.2250000000e+03 5.8850202710e-02
1.2260000000e+03 5.5774275210e-02
1.2270000000e+03 4.2514175180e-02
1.2280000000e+03 9.8025258630e-03
1.2290000000e+03 5.7194205000e-03
1.2300000000e+03 1.3251538390e-02
1.2310000000e+03 2.2624358530e-03
1.2320000000e+03 3.6687266080e-02
1.2330000000e+03 2.3148989300e-02
1.2340000000e+03 2.1001724530e-02
1.2350000000e+03 3.9647668600e-02
1.2360000000e+03 5.6458570060e-02
1.2370000000e+03 7.2964303200e-02
1.2380000000e+03 9.2138826850e-02
1.2390000000e+03 1.1606711150e-01
1.2400000000e+03 1.3007141650e-01
1.2410000000e+03 5.1695648580e-02
1.2420000000e+03 5.6969840080e-02
1.2430000000e+03 7.0095367730e-02
1.2440000000e+03 8.1914462150e-02
1.2450000000e+03 7.8675709660e-02
1.2460000000e+03 7.7674061060e-02
1.2470000000e+03 8.2093395290e-02
1.2480000000e+03 8.7463103230e-02
1.2490000000e+03 6.3029184940e-02
1.2500000000e+03 5.9608763460e-01
1.2510000000e+03 5.8561420440e-01
1.2520000000e+03 5.6386160850e-01
1.2530000000e+03 5.1040220260e-01
1.2540000000e+03 3.5270971060e-01
1.2550000000e+03 2.8016176820e-01
1.2560000000e+03 2.1882127230e-01
1.2570000000e+03 2.9430913930e-01
1.2580000000e+03 3.4967714550e-01
1.2590000000e+03 4.1282948850e-01
1.2600000000e+03 4.6165147420e-01
1.2610000000e+03 3.9102876190e-01
1.2620000000e+03 3.2554593680e-01
1.2630000000e+03 1.9688104090e-01
1.2640000000e+03 9.6089541910e-02
1.2650000000e+03 8.6118988690e-02
1.2660000000e+03 1.1588679250e-01
1.2670000000e+03 1.3378389180e-01
1.2680000000e+03 4.6600852160e-02
1.2690000000e+03 4.6021435410e-02
1.2700000000e+03 5.2925854920e-02
1.2710000000e+03 5.4066549990e-02
1.2720000000e+03 5.2675783630e-02
1.2730000000e+03 4.9818430100e-02
1.2740000000e+03 4.4452801350e-02
1.2750000000e+03 3.1038969760e-02
1.2760000000e+03 2.2549157960e-02
1.2770000000e+03 2.3688908670e-02
1.2780000000e+03 1.1755853890e-02
1.2790000000e+03 1.2061771940e-02
1.2800000000e+03 1.0154554620e-02
1.2810000000e+03 2.3707663640e-02
1.2820000000e+03 5.4988400080e-03
1.2830000000e+03 2.7550728990e-02
1.2840000000e+03 4.3248057370e-02
1.2850000000e+03 5.6961216030e-02
1.2860000000e+03 7.1494944390e-02
1.2870000000e+03 8.9235015210e-02
1.2880000000e+03 1.2047699090e-01
1.2890000000e+03 1.2146779890e-01
1.2900000000e+03 5.7367593050e-02
1.2910000000e+03 5.4898165170e-02
1.2920000000e+03 7.5391881170e-02
1.2930000000e+03 9.1213561590e-02
1.2940000000e+03 9.0088084340e-02
1.2950000000e+03 9.0620808300e-02
1.2960000000e+03 8.7285809220e-02
1.2970000000e+03 7.3641866450e-02
1.2980000000e+03 6.8406291310e-02
1.2990000000e+03 9.7136750820e-02
1.3000000000e+03 5.7145458460e-01
1.3010000000e+03 5.3762054440e-01
1.3020000000e+03 4.7416001560e-01
1.3030000000e+03 3.4874156120e-01
1.3040000000e+03 1.4738735560e-01
1.3050000000e+03 2.3303481940e-01
1.3060000000e+03 2.8376826640e-01
1.3070000000e+03 3.4873461720e-01
1.3080000000e+03 3.8389486070e-01
1.3090000000e+03 4.4420164820e-01
1.3100000000e+03 4.4613194470e-01
1.3110000000e+03 3.6918357010e-01
1.3120000000e+03 2.7863055470e-01
1.3130000000e+03 1.2908528750e-01
1.3140000000e+03 7.0708215240e-02
1.3150000000e+03 1.1162166300e-01
1.3160000000e+03 1.3205409050e-01
1.3170000000e+03 1.2645149230e-01
1.3180000000e+03 3.8355827330e-02
1.3190000000e+03 3.2101269810e-02
1.3200000000e+03 3.0042838310e-02
1.3210000000e+03 2.4032970890e-02
1.3220000000e+03 1.4367649330e-02
1.3230000000e+03 3.3547375350e-03
1.3240000000e+03 1.4356355180e-02
1.3250000000e+03 4.3994132430e-02
1.3260000000e+03 5.0500728190e-02
1.3270000000e+03 4.0572155270e-02
1.3280000000e+03 3.4789007160e-02
1.3290000000e+03 3.0817773190e-02
1.3300000000e+03 2.3103402930e-02
1.3310000000e+03 3.9693117140e-02
1.3320000000e+03 3.9658837020e-02
1.3330000000e+03 4.4413842260e-02
1.3340000000e+03 5.2247822280e-02
1.3350000000e+03 6.3836365940e-02
1.3360000000e+03 8.2832351330e-02
1.3370000000e+03 1.1791710560e-01
1.3380000000e+03 9.3260087070e-02
1.3390000000e+03 7.6700367030e-02
1.3400000000e+03 4.3230772020e-02
1.3410000000e+03 6.7347750070e-02
1.3420000000e+03 8.8949292900e-02
1.3430000000e+03 1.0822984580e-01
1.3440000000e+03 1.1422771220e-01
1.3450000000e+03 8.8086426260e-02
1.3460000000e+03 7.5595840810e-02
1.3470000000e+03 8.7503477930e-02
1.3480000000e+03 9.9389083680e-02
1.3490000000e+03 1.2676945330e-01
1.3500000000e+03 5.0969260930e-01
1.3510000000e+03 4.3256255980e-01
1.3520000000e+03 3.1674885750e-01
1.3530000000e+03 1.8104815480e-01
1.3540000000e+03 1.1305084080e-01
1.3550000000e+03 3.1705731150e-01
1.3560000000e+03 3.4990143780e-01
1.3570000000e+03 3.8271832470e-01
1.3580000000e+03 3.9729672670e-01
1.3590000000e+03 4.4343900680e-01
1.3600000000e+03 3.9136275650e-01
1.3610000000e+03 2.8590688110e-01
1.3620000000e+03 1.7602586750e-01
1.3630000000e+03 7.8037343920e-02
1.3640000000e+03 1.0391557220e-01
1.3650000000e+03 1.0200941560e-01
1.3660000000e+03 1.0533095900e-01
1.3670000000e+03 8.8222920890e-02
1.3680000000e+03 1.6175424680e-02
1.3690000000e+03 3.3534059770e-03
1.3700000000e+03 5.2477186550e-04
1.3710000000e+03 3.4030000680e-03
1.3720000000e+03 1.5716798600e-02
1.3730000000e+03 3.7263654170e-02
1.3740000000e+03 4.4379949570e-02
1.3750000000e+03 4.2229868470e-02
1.3760000000e+03 5.0002209840e-02
1.3770000000e+03 5.2453406160e-02
1.3780000000e+03 4.4709544630e-02
1.3790000000e+03 2.8317280110e-02
1.3800000000e+03 1.1703164130e-01
1.3810000000e+03 3.8782402870e-02
1.3820000000e+03 3.0473865570e-02
1.3830000000e+03 3.0405815690e-02
1.3840000000e+03 3.6130651830e-02
1.3850000000e+03 6.1641663310e-02
1.3860000000e+03 2.9140507800e-02
1.3870000000e+03 4.5358199630e-02
1.3880000000e+03 4.6363048260e-02
1.3890000000e+03 2.6915606110e-02
1.3900000000e+03 4.8539556560e-02
1.3910000000e+03 7.9779155550e-02
1.3920000000e+03 1.2704247240e-01
1.3930000000e+03 1.3924679160e-01
1.3940000000e+03 9.8193243150e-02
1.3950000000e+03 8.3889506760e-02
1.3960000000e+03 7.7154293660e-02
1.3970000000e+03 1.2642265860e-01
1.3980000000e+03 1.5343943240e-01
1.3990000000e+03 1.7866188290e-01
1.4000000000e+03 3.9979642630e-01
1.4010000000e+03 2.9438111190e-01
1.4020000000e+03 1.9532661140e-01
1.4030000000e+03 1.5010610220e-01
1.4040000000e+03 1.8669746820e-01
1.4050000000e+03 3.7694504860e-01
1.4060000000e+03 3.8658970590e-01
1.4070000000e+03 3.8752856850e-01
1.4080000000e+03 3.6795571450e-01
1.4090000000e+03 3.7415802480e-01
1.4100000000e+03 2.5562980770e-01
1.4110000000e+03 1.5180815760e-01
1.4120000000e+03 1.2690855560e-01
1.4130000000e+03 4.0601242330e-02
1.4140000000e+03 6.6022500400e-02
1.4150000000e+03 3.4328579900e-02
1.4160000000e+03 2.3582039400e-02
1.4170000000e+03 1.3521984220e-02
1.4180000000e+03 9.1188466180e-03
1.4190000000e+03 1.5773454680e-02
1.4200000000e+03 2.4096487090e-02
1.4210000000e+03 3.4274205570e-02
1.4220000000e+03 4.0457371620e-02
1.4230000000e+03 1.6710359600e-02
1.4240000000e+03 9.6342237670e-03
1.4250000000e+03 2.1821232510e-02
1.4260000000e+03 3.5807184880e-02
1.4270000000e+03 3.4018121660e-02
1.4280000000e+03 1.7919920380e-02
1.4290000000e+03 9.0390414700e-04
1.4300000000e+03 2.5925356890e-02
1.4310000000e+03 3.8560996760e-03
1.4320000000e+03 1.3345457850e-03
1.4330000000e+03 2.5597955100e-03
1.4340000000e+03 2.1925186740e-02
1.4350000000e+03 2.1812822670e-03
1.4360000000e+03 7.9588321970e-03
1.4370000000e+03 1.5714865180e-02
1.4380000000e+03 2.4016022680e-02
1.4390000000e+03 3.8002479820e-02
1.4400000000e+03 7.0297017690e-02
1.4410000000e+03 1.1760495600e-01
1.4420000000e+03 1.4640736580e-01
1.4430000000e+03 1.1675512790e-01
1.4440000000e+03 9.0076483790e-02
1.4450000000e+03 1.3475403190e-01
1.4460000000e+03 1.2396868320e-01
1.4470000000e+03 1.2286577370e-01
1.4480000000e+03 1.2494758520e-01
1.4490000000e+03 1.4252835510e-01
1.4500000000e+03 2.8340423110e-01
1.4510000000e+03 2.0744860170e-01
1.4520000000e+03 1.7272663120e-01
1.4530000000e+03 1.9126906990e-01
1.4540000000e+03 2.8024801610e-01
1.4550000000e+03 4.0531855820e-01
1.4560000000e+03 3.9688807730e-01
1.4570000000e+03 3.4684515000e-01
1.4580000000e+03 2.7257612350e-01
1.4590000000e+03 2.4588644500e-01
1.4600000000e+03 1.3873428110e-01
1.4610000000e+03 1.5177886190e-01
1.4620000000e+03 8.5548691450e-02
1.4630000000e+03 6.2082845720e-02
1.4640000000e+03 7.3343226690e-03
1.4650000000e+03 1.5857711430e-02
1.4660000000e+03 1.7179125920e-02
1.4670000000e+03 2.4841059930e-03
1.4680000000e+03 2.2319301960e-02
1.4690000000e+03 3.3897154030e-02
1.4700000000e+03 4.0584892030e-02
1.4710000000e+03 3.1772773710e-02
1.4720000000e+03 5.1692931450e-04
1.4730000000e+03 1.6993042080e-03
1.4740000000e+03 3.8258072450e-03
1.4750000000e+03 1.3062028210e-02
1.4760000000e+03 1.3863870870e-02
1.4770000000e+03 1.3712532820e-03
1.4780000000e+03 7.4906582010e-03
1.4790000000e+03 7.3209211230e-02
1.4800000000e+03 1.3411468830e-02
1.4810000000e+03 2.0144026730e-02
1.4820000000e+03 1.6877226530e-02
1.4830000000e+03 2.5521248580e-02
1.4840000000e+03 2.0988931880e-02
1.4850000000e+03 1.9968023520e-02
1.4860000000e+03 2.3551549760e-02
1.4870000000e+03 3.1776100400e-02
1.4880000000e+03 3.0192740260e-02
1.4890000000e+03 3.3073071390e-02
1.4900000000e+03 6.7998185750e-02
1.4910000000e+03 1.2547305230e-01
1.4920000000e+03 1.2445601080e-01
1.4930000000e+03 1.6277797520e-01
1.4940000000e+03 6.6092744470e-02
1.4950000000e+03 5.9244222940e-02
1.4960000000e+03 5.1961701360e-02
1.4970000000e+03 4.2910069230e-02
1.4980000000e+03 3.2343566420e-02
1.4990000000e+03 4.9569614230e-02
1.5000000000e+03 2.1873250600e-01
1.5010000000e+03 1.9132000210e-01
1.5020000000e+03 2.0329560340e-01
1.5030000000e+03 2.4311603610e-01
1.5040000000e+03 3.8821125030e-01
1.5050000000e+03 4.2161160710e-01
1.5060000000e+03 3.7088018660e-01
1.5070000000e+03 2.5027275090e-01
1.5080000000e+03 1.8625380100e-01
1.5090000000e+03 2.2721058130e-01
1.5100000000e+03 1.6740946470e-01
1.5110000000e+03 1.9228857760e-01
1.5120000000e+03 1.1250674720e-01
1.5130000000e+03 2.0647577940e-02
1.5140000000e+03 4.6261250970e-02
1.5150000000e+03 5.9880118820e-02
1.5160000000e+03 4.7453582290e-02
1.5170000000e+03 1.0746624320e-02
1.5180000000e+03 2.9637031260e-02
1.5190000000e+03 3.9325300600e-02
1.5200000000e+03 2.3854723200e-02
1.5210000000e+03 6.4698504280e-03
1.5220000000e+03 9.7924824800e-03
1.5230000000e+03 4.5342314990e-03
1.5240000000e+03 3.6705893000e-03
1.5250000000e+03 4.0632588790e-03
1.5260000000e+03 1.9308902320e-02
1.5270000000e+03 4.0947970000e-02
1.5280000000e+03 5.9105832130e-02
1.5290000000e+03 1.4428247510e-01
1.5300000000e+03 6.1533443630e-02
1.5310000000e+03 5.0852775570e-02
1.5320000000e+03 5.9709072110e-02
1.5330000000e+03 5.1255106930e-02
1.5340000000e+03 4.2335215960e-02
1.5350000000e+03 3.4194678070e-02
1.5360000000e+03 2.5733355430e-02
1.5370000000e+03 3.2537035640e-02
1.5380000000e+03 3.8447733970e-02
1.5390000000e+03 3.8688045000e-02
1.5400000000e+03 4.0396470580e-02
1.5410000000e+03 4.8647448420e-02
1.5420000000e+03 3.1801559030e-02
1.5430000000e+03 2.6873316620e-02
1.5440000000e+03 1.9474703820e-02
1.5450000000e+03 1.3363612820e-02
1.5460000000e+03 6.8065663800e-03
1.5470000000e+03 1.0648425810e-04
1.5480000000e+03 1.7016874630e-02
1.5490000000e+03 2.9127961020e-02
1.5500000000e+03 2.0753638450e-01
1.5510000000e+03 2.1658200030e-01
1.5520000000e+03 2.5091660020e-01
1.5530000000e+03 2.9047444460e-01
1.5540000000e+03 5.0626355410e-01
1.5550000000e+03 4.2528918390e-01
1.5560000000e+03 2.9750013350e-01
1.5570000000e+03 1.9237220290e-01
1.5580000000e+03 2.3290382330e-01
1.5590000000e+03 2.9321563240e-01
1.5600000000e+03 2.2574307020e-01
1.5610000000e+03 1.8969468770e-01
1.5620000000e+03 3.6128662530e-02
1.5630000000e+03 7.8744530680e-02
1.5640000000e+03 8.2882054150e-02
1.5650000000e+03 9.0195782480e-02
1.5660000000e+03 6.5346650780e-02
1.5670000000e+03 1.6520677130e-02
1.5680000000e+03 3.1052106990e-02
1.5690000000e+03 2.3158516730e-02
1.5700000000e+03 1.5325459650e-02
1.5710000000e+03 1.7688749360e-02
1.5720000000e+03 1.0059078220e-02
1.5730000000e+03 6.7609492690e-03
1.5740000000e+03 2.1481869740e-02
1.5750000000e+03 3.3558331430e-02
1.5760000000e+03 4.4893335550e-02
1.5770000000e+03 5.5968489500e-02
1.5780000000e+03 7.2372272610e-02
1.5790000000e+03 1.0169981420e-01
1.5800000000e+03 8.6534872650e-02
1.5810000000e+03 8.1325441600e-02
1.5820000000e+03 7.0826530460e-02
1.5830000000e+03 5.3341533990e-02
1.5840000000e+03 1.8072173000e-02
1.5850000000e+03 6.1114445330e-02
1.5860000000e+03 6.2764227390e-02
1.5870000000e+03 2.9794963080e-02
1.5880000000e+03 8.4595615040e-03
1.5890000000e+03 5.0678504630e-03
1.5900000000e+03 4.8854039050e-03
1.5910000000e+03 3.0128723010e-02
1.5920000000e+03 1.0575079360e-02
1.5930000000e+03 8.0234231430e-03
1.5940000000e+03 7.4972244910e-03
1.5950000000e+03 9.5450738440e-03
1.5960000000e+03 1.7576998100e-02
1.5970000000e+03 2.1137949080e-03
1.5980000000e+03 1.8386768350e-04
1.5990000000e+03 1.0726002980e-02
1.6000000000e+03 2.3018969600e-01
1.6010000000e+03 2.6078793410e-01
1.6020000000e+03 3.0078461770e-01
1.6030000000e+03 3.3082550760e-01
1.6040000000e+03 5.9758383040e-01
1.6050000000e+03 4.0655082460e-01
1.6060000000e+03 2.3407934610e-01
1.6070000000e+03 2.4941024180e-01
1.6080000000e+03 3.1994014980e-01
1.6090000000e+03 3.3658874030e-01
1.6100000000e+03 2.6726219060e-01
1.6110000000e+03 1.7271721360e-01
1.6120000000e+03 1.5105196830e-01
1.6130000000e+03 1.0735189910e-01
1.6140000000e+03 1.0273206980e-01
1.6150000000e+03 1.0820183900e-01
1.6160000000e+03 7.3973000050e-02
1.6170000000e+03 1.9511299210e-02
1.6180000000e+03 2.2739706560e-02
1.6190000000e+03 1.8442176280e-02
1.6200000000e+03 1.9510541110e-02
1.6210000000e+03 9.0256314720e-03
1.6220000000e+03 7.5741261240e-03
1.6230000000e+03 6.7289695140e-03
1.6240000000e+03 1.7524991180e-02
1.6250000000e+03 3.1227312980e-02
1.6260000000e+03 4.3757896870e-02
1.6270000000e+03 5.4675482210e-02
1.6280000000e+03 1.1046172680e-01
1.6290000000e+03 1.1791358890e-01
1.6300000000e+03 9.3367785220e-02
1.6310000000e+03 7.9475767910e-02
1.6320000000e+03 4.1412536050e-02
1.6330000000e+03 5.9018760920e-02
1.6340000000e+03 9.3241356310e-02
1.6350000000e+03 6.8626247350e-02
1.6360000000e+03 1.3984164220e-02
1.6370000000e+03 4.3287305160e-03
1.6380000000e+03 2.0750613880e-02
1.6390000000e+03 5.2198857070e-02
1.6400000000e+03 5.7265628130e-02
1.6410000000e+03 1.8921932210e-03
1.6420000000e+03 6.0259774330e-03
1.6430000000e+03 1.1265127920e-02
1.6440000000e+03 2.2845299910e-02
1.6450000000e+03 1.6532955690e-02
1.6460000000e+03 5.3859775650e-04
1.6470000000e+03 2.8965026140e-03
1.6480000000e+03 5.7632341050e-03
1.6490000000e+03 1.1628732320e-03
1.6500000000e+03 2.7139842510e-01
1.6510000000e+03 3.1035801770e-01
1.6520000000e+03 3.4659749270e-01
1.6530000000e+03 3.6357611420e-01
1.6540000000e+03 6.2647950650e-01
1.6550000000e+03 3.6470237370e-01
1.6560000000e+03 2.6627790930e-01
1.6570000000e+03 3.2575014230e-01
1.6580000000e+03 3.8419514890e-01
1.6590000000e+03 3.4723305700e-01
1.6600000000e+03 2.9246142510e-01
1.6610000000e+03 1.0669797660e-01
1.6620000000e+03 1.9438442590e-01
1.6630000000e+03 1.2062117460e-01
1.6640000000e+03 1.1454960700e-01
1.6650000000e+03 1.1980620030e-01
1.6660000000e+03 7.8313410280e-02
1.6670000000e+03 1.9378861410e-02
1.6680000000e+03 1.4598768200e-02
1.6690000000e+03 1.4800318520e-02
1.6700000000e+03 2.1898262200e-03
1.6710000000e+03 3.5003114490e-02
1.6720000000e+03 9.2711541800e-03
1.6730000000e+03 4.0318914690e-03
1.6740000000e+03 1.6510872170e-02
1.6750000000e+03 2.9714671890e-02
1.6760000000e+03 4.1898105290e-02
1.6770000000e+03 6.3358530400e-02
1.6780000000e+03 8.2258224490e-02
1.6790000000e+03 1.1199013890e-01
1.6800000000e+03 8.0709420140e-02
1.6810000000e+03 2.9724951830e-02
1.6820000000e+03 1.0353046660e-01
1.6830000000e+03 1.0040987280e-01
1.6840000000e+03 7.5378082690e-02
1.6850000000e+03 8.9157391340e-03
1.6860000000e+03 3.8039445880e-02
1.6870000000e+03 3.9762798700e-02
1.6880000000e+03 8.2349829380e-02
1.6890000000e+03 8.5874639450e-02
1.6900000000e+03 3.6282797810e-03
1.6910000000e+03 4.5844665730e-03
1.6920000000e+03 1.4332590620e-02
1.6930000000e+03 3.2022375610e-02
1.6940000000e+03 9.4853956250e-03
1.6950000000e+03 5.3165918220e-03
1.6960000000e+03 9.5140486960e-03
1.6970000000e+03 1.3377795000e-02
1.6980000000e+03 1.9906116650e-02
1.6990000000e+03 8.6795929820e-03
1.7000000000e+03 3.1907877330e-01
1.7010000000e+03 3.5723349450e-01
1.7020000000e+03 3.8626039030e-01
1.7030000000e+03 3.8683852550e-01
1.7040000000e+03 6.0910350080e-01
1.7050000000e+03 3.3211219310e-01
1.7060000000e+03 3.3269354700e-01
1.7070000000e+03 3.7926882510e-01
1.7080000000e+03 4.2642533780e-01
1.7090000000e+03 3.3859494330e-01
1.7100000000e+03 2.9594308140e-01
1.7110000000e+03 2.3552715780e-01
1.7120000000e+03 2.0475645360e-01
1.7130000000e+03 1.2831681970e-01
1.7140000000e+03 1.2207424640e-01
1.7150000000e+03 1.2735751270e-01
1.7160000000e+03 8.0894827840e-02
1.7170000000e+03 1.3095177710e-02
1.7180000000e+03 8.1305289640e-03
1.7190000000e+03 1.5340154990e-02
1.7200000000e+03 6.3985504210e-02
1.7210000000e+03 3.1703948970e-02
1.7220000000e+03 2.8423173350e-03
1.7230000000e+03 5.3019737820e-03
1.7240000000e+03 1.6856109720e-02
1.7250000000e+03 2.9769759630e-02
1.7260000000e+03 4.5142449440e-02
1.7270000000e+03 5.5118396880e-02
1.7280000000e+03 1.6228866580e-01
1.7290000000e+03 8.2650065420e-02
1.7300000000e+03 7.9441726210e-02
1.7310000000e+03 1.0308493670e-01
1.7320000000e+03 1.0341712090e-01
1.7330000000e+03 8.5352435710e-02
1.7340000000e+03 1.8803086130e-02
1.7350000000e+03 6.6262826320e-02
1.7360000000e+03 8.9846104380e-02
1.7370000000e+03 8.7531857190e-02
1.7380000000e+03 1.0069371760e-01
1.7390000000e+03 2.7078906070e-02
1.7400000000e+03 6.1747049910e-03
1.7410000000e+03 1.4745183290e-02
1.7420000000e+03 3.2813616100e-02
1.7430000000e+03 9.8899854350e-03
1.7440000000e+03 1.2183360760e-02
1.7450000000e+03 1.7302718010e-02
1.7460000000e+03 2.1412331610e-02
1.7470000000e+03 2.6797259230e-02
1.7480000000e+03 3.9510797710e-02
1.7490000000e+03 2.4061821400e-02
1.7500000000e+03 3.6506420370e-01
1.7510000000e+03 3.9793315530e-01
1.7520000000e+03 4.1962397100e-01
1.7530000000e+03 3.9910209180e-01
1.7540000000e+03 5.7528203730e-01
1.7550000000e+03 3.4637030960e-01
1.7560000000e+03 3.8285672660e-01
1.7570000000e+03 4.1340109710e-01
1.7580000000e+03 4.5461553340e-01
1.7590000000e+03 3.2185000180e-01
1.7600000000e+03 3.1097838280e-01
1.7610000000e+03 3.2987287640e-01
1.7620000000e+03 2.0746520160e-01
1.7630000000e+03 1.3333572450e-01
1.7640000000e+03 1.2587402760e-01
1.7650000000e+03 1.2905448680e-01
1.7660000000e+03 7.6325997710e-02
1.7670000000e+03 1.7754469070e-02
1.7680000000e+03 4.4984754170e-02
1.7690000000e+03 7.1421377360e-02
1.7700000000e+03 5.2302323280e-02
1.7710000000e+03 1.7832361160e-02
1.7720000000e+03 9.6597633090e-04
1.7730000000e+03 6.6224578770e-03
1.7740000000e+03 1.8677279350e-02
1.7750000000e+03 3.0521033330e-02
1.7760000000e+03 4.3116126210e-02
1.7770000000e+03 4.9079455440e-02
1.7780000000e+03 2.1921999750e-01
1.7790000000e+03 8.5946403440e-02
1.7800000000e+03 9.6529461440e-02
1.7810000000e+03 1.0097862040e-01
1.7820000000e+03 9.4142526390e-02
1.7830000000e+03 4.1408889000e-02
1.7840000000e+03 7.2027765210e-02
1.7850000000e+03 1.1964129660e-01
1.7860000000e+03 8.3180874590e-02
1.7870000000e+03 1.1044731740e-01
1.7880000000e+03 3.5932298750e-02
1.7890000000e+03 2.5021474810e-02
1.7900000000e+03 1.5521947290e-02
1.7910000000e+03 2.9508469630e-02
1.7920000000e+03 1.8108792600e-02
1.7930000000e+03 1.9514795390e-02
1.7940000000e+03 2.5219354780e-02
1.7950000000e+03 2.9005929830e-02
1.7960000000e+03 3.3060316000e-02
1.7970000000e+03 4.0118325500e-02
1.7980000000e+03 6.2077816580e-02
1.7990000000e+03 3.1980928030e-02
1.8000000000e+03 4.0522119400e-01
1.8010000000e+03 4.3187475200e-01
1.8020000000e+03 4.4573536520e-01
1.8030000000e+03 4.0925711390e-01
1.8040000000e+03 5.4012352230e-01
1.8050000000e+03 3.8433244820e-01
1.8060000000e+03 4.1491574050e-01
1.8070000000e+03 4.3512383100e-01
1.8080000000e+03 4.7387528420e-01
1.8090000000e+03 3.0079501870e-01
1.8100000000e+03 3.0195111040e-01
1.8110000000e+03 3.4700053930e-01
1.8120000000e+03 2.0809833710e-01
1.8130000000e+03 1.3550797100e-01
1.8140000000e+03 1.2129808220e-01
1.8150000000e+03 1.0586586590e-01
1.8160000000e+03 7.4706062670e-02
1.8170000000e+03 3.8704983890e-02
1.8180000000e+03 6.2915451820e-02
1.8190000000e+03 6.0341633860e-02
1.8200000000e+03 3.9491467180e-02
1.8210000000e+03 8.8243633510e-03
1.8220000000e+03 8.6445093620e-04
1.8230000000e+03 8.6402334270e-03
1.8240000000e+03 1.9317250700e-02
1.8250000000e+03 2.9647799210e-02
1.8260000000e+03 4.0908578780e-02
1.8270000000e+03 4.7231368720e-02
1.8280000000e+03 1.2390521910e-01
1.8290000000e+03 9.0164117520e-02
1.8300000000e+03 9.3664519490e-02
1.8310000000e+03 9.5619708300e-02
1.8320000000e+03 6.9085434080e-02
1.8330000000e+03 6.5148942170e-02
1.8340000000e+03 1.1884951590e-01
1.8350000000e+03 1.3503098490e-01
1.8360000000e+03 1.0954567790e-01
1.8370000000e+03 2.7289763090e-02
1.8380000000e+03 5.1537197080e-02
1.8390000000e+03 2.6775483040e-02
1.8400000000e+03 2.7940418570e-02
1.8410000000e+03 6.9533616300e-02
1.8420000000e+03 2.6346597820e-02
1.8430000000e+03 3.2293379310e-02
1.8440000000e+03 3.4338131550e-02
1.8450000000e+03 3.5814072940e-02
1.8460000000e+03 4.1519984600e-02
1.8470000000e+03 5.5611815300e-02
1.8480000000e+03 7.6341874900e-02
1.8490000000e+03 4.5095071200e-02
1.8500000000e+03 4.3840709330e-01
1.8510000000e+03 4.5946440100e-01
1.8520000000e+03 4.5932254200e-01
1.8530000000e+03 4.2819291350e-01
1.8540000000e+03 5.1043987270e-01
1.8550000000e+03 4.1716682910e-01
1.8560000000e+03 4.3473330140e-01
1.8570000000e+03 4.4857934120e-01
1.8580000000e+03 4.8601156470e-01
1.8590000000e+03 2.9149425030e-01
1.8600000000e+03 2.3930361870e-01
1.8610000000e+03 3.5088709000e-01
1.8620000000e+03 2.0702648160e-01
1.8630000000e+03 1.2866371870e-01
1.8640000000e+03 8.2857958970e-02
1.8650000000e+03 6.5389417110e-02
1.8660000000e+03 1.5142166520e-03
1.8670000000e+03 3.5259116440e-02
1.8680000000e+03 5.4532911630e-02
1.8690000000e+03 5.1851652560e-02
1.8700000000e+03 2.8608024120e-02
1.8710000000e+03 3.7724268620e-03
1.8720000000e+03 1.3908904510e-03
1.8730000000e+03 1.3292951510e-02
1.8740000000e+03 1.6958251600e-02
1.8750000000e+03 2.9008489100e-02
1.8760000000e+03 3.8803342730e-02
1.8770000000e+03 4.4709406790e-02
1.8780000000e+03 1.0386003550e-01
1.8790000000e+03 8.5476875310e-02
1.8800000000e+03 8.8832214470e-02
1.8810000000e+03 8.5104547440e-02
1.8820000000e+03 6.1811331660e-02
1.8830000000e+03 1.0330034050e-01
1.8840000000e+03 1.4697062970e-01
1.8850000000e+03 9.7347795960e-02
1.8860000000e+03 2.7092035860e-02
1.8870000000e+03 5.1634609700e-02
1.8880000000e+03 5.7633411140e-02
1.8890000000e+03 3.3957663920e-02
1.8900000000e+03 4.6557053920e-02
1.8910000000e+03 3.1649965790e-02
1.8920000000e+03 3.6564115430e-02
1.8930000000e+03 3.6183938380e-02
1.8940000000e+03 4.2229145770e-02
1.8950000000e+03 5.2640877660e-02
1.8960000000e+03 6.5002769230e-02
1.8970000000e+03 8.7227478620e-02
1.8980000000e+03 2.7901668100e-02
1.8990000000e+03 7.0472665130e-02
1.9000000000e+03 4.6511176230e-01
1.9010000000e+03 4.8073437810e-01
1.9020000000e+03 4.5472124220e-01
1.9030000000e+03 4.6632921700e-01
1.9040000000e+03 4.9035167690e-01
1.9050000000e+03 4.3913728000e-01
1.9060000000e+03 4.4635155800e-01
1.9070000000e+03 4.5538127420e-01
1.9080000000e+03 4.8454046250e-01
1.9090000000e+03 3.5401552920e-01
1.9100000000e+03 2.4473153050e-01
1.9110000000e+03 3.4933531280e-01
1.9120000000e+03 1.9699501990e-01
1.9130000000e+03 8.2525148990e-02
1.9140000000e+03 4.4073697180e-02
1.9150000000e+03 5.6224524970e-02
1.9160000000e+03 1.3108772230e-02
1.9170000000e+03 3.2821048050e-02
1.9180000000e+03 4.9522001300e-02
1.9190000000e+03 4.5099809770e-02
1.9200000000e+03 1.9657960160e-02
1.9210000000e+03 1.1994275260e-03
1.9220000000e+03 1.1916080490e-02
1.9230000000e+03 8.0458549780e-03
1.9240000000e+03 1.4678910370e-02
1.9250000000e+03 3.4620538350e-02
1.9260000000e+03 3.5002592950e-02
1.9270000000e+03 3.8120053710e-02
1.9280000000e+03 8.8990889490e-02
1.9290000000e+03 7.9039730130e-02
1.9300000000e+03 8.2737557590e-02
1.9310000000e+03 7.0632979270e-02
1.9320000000e+03 8.4576308730e-02
1.9330000000e+03 1.2292608620e-01
1.9340000000e+03 7.9150527720e-02
1.9350000000e+03 3.4876454620e-02
1.9360000000e+03 3.8991972800e-02
1.9370000000e+03 7.5069703160e-02
1.9380000000e+03 6.1752181500e-02
1.9390000000e+03 4.5046746730e-02
1.9400000000e+03 3.8027990610e-02
1.9410000000e+03 3.5551186650e-02
1.9420000000e+03 4.2246270920e-02
1.9430000000e+03 5.5883400140e-02
1.9440000000e+03 6.6889800130e-02
1.9450000000e+03 7.7915556730e-02
1.9460000000e+03 9.4340883200e-02
1.9470000000e+03 1.2122882900e-01
1.9480000000e+03 4.0735267100e-02
1.9490000000e+03 8.0767765640e-02
1.9500000000e+03 4.8604232070e-01
1.9510000000e+03 4.9399617310e-01
1.9520000000e+03 4.4062358140e-01
1.9530000000e+03 5.4229187970e-01
1.9540000000e+03 4.8037844900e-01
1.9550000000e+03 4.5177978280e-01
1.9560000000e+03 4.5124495030e-01
1.9570000000e+03 4.5443460350e-01
1.9580000000e+03 4.0521419050e-01
1.9590000000e+03 3.6818426850e-01
1.9600000000e+03 3.4358671310e-01
1.9610000000e+03 3.3587142830e-01
1.9620000000e+03 1.4024075870e-01
1.9630000000e+03 3.8719050590e-02
1.9640000000e+03 9.3707203870e-02
1.9650000000e+03 9.7581535580e-02
1.9660000000e+03 2.4901393800e-02
1.9670000000e+03 3.2340429720e-02
1.9680000000e+03 4.6588771050e-02
1.9690000000e+03 3.9239656180e-02
1.9700000000e+03 1.3320088390e-02
1.9710000000e+03 3.1124374360e-03
1.9720000000e+03 4.2575183320e-03
1.9730000000e+03 4.5138937420e-03
1.9740000000e+03 3.2787181440e-02
1.9750000000e+03 2.8030494230e-02
1.9760000000e+03 2.8327988460e-02
1.9770000000e+03 5.0649072970e-02
1.9780000000e+03 7.6548263430e-02
1.9790000000e+03 7.2069302200e-02
1.9800000000e+03 7.4670784180e-02
1.9810000000e+03 7.0695012810e-02
1.9820000000e+03 9.5626577730e-02
1.9830000000e+03 6.9161787630e-02
1.9840000000e+03 4.6555913980e-02
1.9850000000e+03 2.6473283770e-02
1.9860000000e+03 6.8878352640e-02
1.9870000000e+03 9.5448516310e-02
1.9880000000e+03 7.0759125050e-02
1.9890000000e+03 6.3655182720e-02
1.9900000000e+03 3.0015330760e-02
1.9910000000e+03 5.1841184500e-02
1.9920000000e+03 6.9816015660e-02
1.9930000000e+03 8.2244828340e-02
1.9940000000e+03 9.3752443790e-02
1.9950000000e+03 1.0881569240e-01
1.9960000000e+03 1.3215515020e-01
1.9970000000e+03 1.6388131680e-01
1.9980000000e+03 6.3293673100e-02
1.9990000000e+03 1.1900539700e-01
2.0000000000e+03 5.0151133540e-01
2.0010000000e+03 4.9563735720e-01
2.0020000000e+03 4.2947325110e-01
2.0030000000e+03 6.4783245330e-01
2.0040000000e+03 4.7688946130e-01
2.0050000000e+03 4.5662161710e-01
2.0060000000e+03 4.4840925930e-01
2.0070000000e+03 4.3835723400e-01
2.0080000000e+03 1.3099858160e-01
2.0090000000e+03 3.4817865490e-01
2.0100000000e+03 3.7282735110e-01
2.0110000000e+03 2.7483421560e-01
2.0120000000e+03 6.4987547700e-02
2.0130000000e+03 9.7232639790e-02
2.0140000000e+03 1.0765737300e-01
2.0150000000e+03 1.2285543980e-01
2.0160000000e+03 3.1857192520e-02
2.0170000000e+03 3.3158443870e-02
2.0180000000e+03 4.5221582060e-02
2.0190000000e+03 3.4467216580e-02
2.0200000000e+03 9.0488530700e-03
2.0210000000e+03 3.9811255410e-03
2.0220000000e+03 1.9396817080e-03
2.0230000000e+03 3.1149763610e-02
2.0240000000e+03 2.1557496860e-02
2.0250000000e+03 2.2716442120e-02
2.0260000000e+03 2.0523389800e-02
2.0270000000e+03 1.1169608680e-01
2.0280000000e+03 6.5652191640e-02
2.0290000000e+03 6.5110117200e-02
2.0300000000e+03 6.4878381790e-02
2.0310000000e+03 7.2101205590e-02
2.0320000000e+03 6.0715500270e-02
2.0330000000e+03 6.0902424160e-02
2.0340000000e+03 1.7228618260e-02
2.0350000000e+03 5.7222582400e-02
2.0360000000e+03 9.6723213790e-02
2.0370000000e+03 1.2692186240e-01
2.0380000000e+03 4.7837696970e-02
2.0390000000e+03 3.2227601860e-02
2.0400000000e+03 5.6318175050e-02
2.0410000000e+03 8.2873418930e-02
2.0420000000e+03 1.0096938910e-01
2.0430000000e+03 1.1705008890e-01
2.0440000000e+03 1.3645058870e-01
2.0450000000e+03 1.6805712880e-01
2.0460000000e+03 1.1142427470e-01
2.0470000000e+03 1.5667849780e-01
2.0480000000e+03 1.1351003500e-01
2.0490000000e+03 1.7795032260e-01
2.0500000000e+03 5.1133120060e-01
2.0510000000e+03 4.8245054480e-01
2.0520000000e+03 4.2239987850e-01
2.0530000000e+03 6.8777137990e-01
2.0540000000e+03 4.7390419240e-01
2.0550000000e+03 4.5277723670e-01
2.0560000000e+03 4.3257910010e-01
2.0570000000e+03 3.8032954930e-01
2.0580000000e+03 2.9399117830e-01
2.0590000000e+03 3.0118745570e-01
2.0600000000e+03 3.6407893900e-01
2.0610000000e+03 1.7683570090e-01
2.0620000000e+03 1.1806865040e-01
2.0630000000e+03 1.3069105150e-01
2.0640000000e+03 1.2123887240e-01
2.0650000000e+03 1.3782370090e-01
2.0660000000e+03 3.7509381770e-02
2.0670000000e+03 3.5385321830e-02
2.0680000000e+03 4.5632958410e-02
2.0690000000e+03 3.2231677320e-02
2.0700000000e+03 2.0594415250e-03
2.0710000000e+03 3.5567549060e-03
2.0720000000e+03 3.3214476430e-03
2.0730000000e+03 1.6049440950e-02
2.0740000000e+03 1.6371794040e-02
2.0750000000e+03 1.7370112240e-02
2.0760000000e+03 1.2757936490e-02
2.0770000000e+03 9.7754150630e-02
2.0780000000e+03 5.6413229550e-02
2.0790000000e+03 5.7881101970e-02
2.0800000000e+03 5.3661007430e-02
2.0810000000e+03 5.0087541340e-02
2.0820000000e+03 7.0114865900e-02
2.0830000000e+03 1.6224829480e-02
2.0840000000e+03 4.9764346330e-02
2.0850000000e+03 8.3276212220e-02
2.0860000000e+03 1.1426174640e-01
2.0870000000e+03 1.0453599690e-01
2.0880000000e+03 1.3941556220e-01
2.0890000000e+03 5.1107883450e-02
2.0900000000e+03 1.1211305110e-01
2.0910000000e+03 1.6765160860e-01
2.0920000000e+03 6.8841136990e-02
2.0930000000e+03 8.8570013640e-02
2.0940000000e+03 1.1227124180e-01
2.0950000000e+03 1.4958962800e-01
2.0960000000e+03 1.8440942470e-01
2.0970000000e+03 2.4009673300e-01
2.0980000000e+03 2.1977795660e-01
2.0990000000e+03 2.2031536700e-01
2.1000000000e+03 5.1434886460e-01
2.1010000000e+03 4.5645132660e-01
2.1020000000e+03 4.1688138250e-01
2.1030000000e+03 6.4584004880e-01
2.1040000000e+03 4.6521285180e-01
2.1050000000e+03 4.3624669310e-01
2.1060000000e+03 3.8965356350e-01
2.1070000000e+03 2.3739311100e-01
2.1080000000e+03 3.7295028570e-01
2.1090000000e+03 2.6497298480e-01
2.1100000000e+03 3.0337789650e-01
2.1110000000e+03 2.2747662660e-01
2.1120000000e+03 1.5827660260e-01
2.1130000000e+03 1.4187587800e-01
2.1140000000e+03 1.3696354630e-01
2.1150000000e+03 1.4999856050e-01
2.1160000000e+03 4.3715771290e-02
2.1170000000e+03 3.9743836970e-02
2.1180000000e+03 4.9182478340e-02
2.1190000000e+03 2.4332655590e-02
2.1200000000e+03 6.2173581680e-03
2.1210000000e+03 7.5525636780e-03
2.1220000000e+03 1.0388437660e-02
2.1230000000e+03 1.0331036520e-02
2.1240000000e+03 1.2495467440e-02
2.1250000000e+03 1.3440547510e-02
2.1260000000e+03 7.2927251460e-03
2.1270000000e+03 6.5394431350e-02
2.1280000000e+03 4.8624180260e-02
2.1290000000e+03 7.1304626760e-03
2.1300000000e+03 2.5286249820e-02
2.1310000000e+03 4.6990003440e-02
2.1320000000e+03 1.1992579330e-02
2.1330000000e+03 1.6601104290e-02
2.1340000000e+03 4.8830974850e-02
2.1350000000e+03 8.2505255940e-02
2.1360000000e+03 1.2203371520e-01
2.1370000000e+03 8.1040635700e-02
2.1380000000e+03 5.5108975620e-02
2.1390000000e+03 8.2220606510e-02
2.1400000000e+03 1.1925517020e-01
2.1410000000e+03 1.4706689120e-01
2.1420000000e+03 1.7102940380e-01
2.1430000000e+03 1.9133484360e-01
2.1440000000e+03 2.1256092190e-01
2.1450000000e+03 2.6064199210e-01
2.1460000000e+03 1.8614491820e-01
2.1470000000e+03 2.0332697030e-01
2.1480000000e+03 2.9591721300e-01
2.1490000000e+03 1.8936395650e-01
2.1500000000e+03 5.0831919910e-01
2.1510000000e+03 4.2432251570e-01
2.1520000000e+03 4.1144919400e-01
2.1530000000e+03 5.8972066640e-01
2.1540000000e+03 4.4524422290e-01
2.1550000000e+03 3.9880424740e-01
2.1560000000e+03 3.0319535730e-01
2.1570000000e+03 2.2240710260e-01
2.1580000000e+03 3.9908081290e-01
2.1590000000e+03 2.9621642830e-01
2.1600000000e+03 3.0385157470e-01
2.1610000000e+03 2.7614146470e-01
2.1620000000e+03 1.8142250180e-01
2.1630000000e+03 1.3521833720e-01
2.1640000000e+03 1.5122994780e-01
2.1650000000e+03 1.6253142060e-01
2.1660000000e+03 5.2367821340e-02
2.1670000000e+03 4.8394266520e-02
2.1680000000e+03 6.4669147130e-02
2.1690000000e+03 1.5984937550e-02
2.1700000000e+03 3.5871334370e-02
2.1710000000e+03 9.8158000040e-04
2.1720000000e+03 8.1105511640e-03
2.1730000000e+03 7.4789319190e-03
2.1740000000e+03 9.2502832410e-03
2.1750000000e+03 1.0304463100e-02
2.1760000000e+03 5.3451796990e-03
2.1770000000e+03 3.7945099170e-02
2.1780000000e+03 2.9372598980e-02
2.1790000000e+03 2.9136294500e-02
2.1800000000e+03 4.8938740040e-02
2.1810000000e+03 4.1246306150e-02
2.1820000000e+03 2.1541148420e-02
2.1830000000e+03 1.2441204860e-02
2.1840000000e+03 2.5298884140e-02
2.1850000000e+03 8.1483930350e-02
2.1860000000e+03 1.3871924580e-01
2.1870000000e+03 1.7041125890e-01
2.1880000000e+03 7.7850274740e-02
2.1890000000e+03 1.4039443430e-01
2.1900000000e+03 1.9205208120e-01
2.1910000000e+03 2.3399451380e-01
2.1920000000e+03 2.5442877410e-01
2.1930000000e+03 1.8753968180e-01
2.1940000000e+03 2.5903797150e-01
2.1950000000e+03 2.2123926880e-01
2.1960000000e+03 3.7839776280e-01
2.1970000000e+03 1.6662701960e-01
2.1980000000e+03 1.9470310210e-01
2.1990000000e+03 1.7226368190e-01
2.2000000000e+03 4.8984736200e-01
2.2010000000e+03 3.8989549880e-01
2.2020000000e+03 4.1413193940e-01
2.2030000000e+03 5.3907656670e-01
2.2040000000e+03 4.1196146610e-01
2.2050000000e+03 3.3836126330e-01
2.2060000000e+03 2.5003725290e-01
2.2070000000e+03 3.2017147540e-01
2.2080000000e+03 4.0154206750e-01
2.2090000000e+03 3.3863800760e-01
2.2100000000e+03 3.7038299440e-01
2.2110000000e+03 3.0351430180e-01
2.2120000000e+03 1.9883067910e-01
2.2130000000e+03 1.3687019050e-01
2.2140000000e+03 1.7150631550e-01
2.2150000000e+03 1.9602452220e-01
2.2160000000e+03 5.7095404710e-02
2.2170000000e+03 6.0961525890e-02
2.2180000000e+03 8.2006558780e-02
2.2190000000e+03 7.9533355310e-03
2.2200000000e+03 1.6430016610e-02
2.2210000000e+03 3.3451526540e-04
2.2220000000e+03 6.2390142120e-03
2.2230000000e+03 9.9171716720e-03
2.2240000000e+03 1.4215194620e-02
2.2250000000e+03 2.0134357740e-02
2.2260000000e+03 3.1772106890e-02
2.2270000000e+03 1.1261053380e-02
2.2280000000e+03 1.1752654800e-02
2.2290000000e+03 1.1545346120e-02
2.2300000000e+03 3.4392718230e-02
2.2310000000e+03 1.6168924050e-02
2.2320000000e+03 3.6877801180e-04
2.2330000000e+03 1.1025036690e-02
2.2340000000e+03 4.8145353790e-02
2.2350000000e+03 1.0756503050e-01
2.2360000000e+03 1.3960005340e-01
2.2370000000e+03 1.3015498220e-01
2.2380000000e+03 1.3392038640e-01
2.2390000000e+03 1.4870452880e-01
2.2400000000e+03 1.3115125890e-01
2.2410000000e+03 9.8629474640e-02
2.2420000000e+03 8.1186741590e-02
2.2430000000e+03 1.4435413480e-01
2.2440000000e+03 1.6029192510e-01
2.2450000000e+03 1.4279136060e-01
2.2460000000e+03 1.8292722110e-01
2.2470000000e+03 5.3325776010e-02
2.2480000000e+03 8.7145425380e-02
2.2490000000e+03 1.4957271520e-01
2.2500000000e+03 4.5376455780e-01
2.2510000000e+03 3.5089662670e-01
2.2520000000e+03 4.6257641910e-01
2.2530000000e+03 4.8754292730e-01
2.2540000000e+03 3.7603938580e-01
2.2550000000e+03 3.0120903250e-01
2.2560000000e+03 3.1126421690e-01
2.2570000000e+03 3.7568935750e-01
2.2580000000e+03 4.0614730120e-01
2.2590000000e+03 3.7177935240e-01
2.2600000000e+03 4.1612052920e-01
2.2610000000e+03 3.5647544260e-01
2.2620000000e+03 1.1315035820e-01
2.2630000000e+03 1.2091049550e-01
2.2640000000e+03 1.6774736340e-01
2.2650000000e+03 1.8803425130e-01
2.2660000000e+03 8.3234734830e-02
2.2670000000e+03 1.0141497110e-01
2.2680000000e+03 1.6985777770e-02
2.2690000000e+03 1.9908621910e-02
2.2700000000e+03 1.8326263130e-01
2.2710000000e+03 1.4728002250e-02
2.2720000000e+03 2.1385507660e-02
2.2730000000e+03 2.6777062570e-02
2.2740000000e+03 2.9233522710e-02
2.2750000000e+03 3.0064463620e-02
2.2760000000e+03 7.4376732110e-02
2.2770000000e+03 8.3053475250e-03
2.2780000000e+03 4.0006833150e-03
2.2790000000e+03 1.9263744350e-02
2.2800000000e+03 1.3702841480e-02
2.2810000000e+03 2.2641750980e-03
2.2820000000e+03 5.5664367970e-03
2.2830000000e+03 2.5058683010e-02
2.2840000000e+03 5.9726964680e-02
2.2850000000e+03 7.0590086280e-02
2.2860000000e+03 9.5105513930e-02
2.2870000000e+03 5.3684230890e-02
2.2880000000e+03 2.8306972240e-02
2.2890000000e+03 3.3289019020e-02
2.2900000000e+03 4.6630907800e-02
2.2910000000e+03 6.8030022080e-02
2.2920000000e+03 8.2775652410e-02
2.2930000000e+03 9.6492096780e-02
2.2940000000e+03 7.8299008310e-02
2.2950000000e+03 4.2276550080e-02
2.2960000000e+03 7.6319895680e-02
2.2970000000e+03 1.0549305380e-01
2.2980000000e+03 9.6488304440e-02
2.2990000000e+03 1.6295085850e-01
2.3000000000e+03 3.9377224450e-01
2.3010000000e+03 3.0741027000e-01
2.3020000000e+03 5.3509259220e-01
2.3030000000e+03 4.4033396240e-01
2.3040000000e+03 3.6316797140e-01
2.3050000000e+03 3.4236130120e-01
2.3060000000e+03 3.8558360930e-01
2.3070000000e+03 4.1675949100e-01
2.3080000000e+03 4.3862497810e-01
2.3090000000e+03 3.3400475980e-01
2.3100000000e+03 2.9602712390e-01
2.3110000000e+03 2.6990607380e-01
2.3120000000e+03 1.9091905650e-01
2.3130000000e+03 1.4385479690e-01
2.3140000000e+03 1.8241441250e-01
2.3150000000e+03 2.0762161910e-01
2.3160000000e+03 1.2236811970e-01
2.3170000000e+03 8.4279537200e-02
2.3180000000e+03 2.5369588290e-02
2.3190000000e+03 4.3340228500e-02
2.3200000000e+03 5.1300849770e-02
2.3210000000e+03 3.2512262460e-02
2.3220000000e+03 2.2110417490e-02
2.3230000000e+03 1.3333067300e-02
2.3240000000e+03 6.7277583290e-03
2.3250000000e+03 4.2581949380e-03
2.3260000000e+03 3.9473678920e-02
2.3270000000e+03 1.1556554590e-02
2.3280000000e+03 1.7629146580e-02
2.3290000000e+03 1.6044035550e-02
2.3300000000e+03 4.3067107910e-03
2.3310000000e+03 2.5515900920e-03
2.3320000000e+03 8.8120596480e-03
2.3330000000e+03 1.0054319170e-02
2.3340000000e+03 2.1220222120e-02
2.3350000000e+03 5.9075862170e-02
2.3360000000e+03 9.7949475050e-02
2.3370000000e+03 3.8375072180e-02
2.3380000000e+03 7.8511774540e-02
2.3390000000e+03 1.2675566970e-01
2.3400000000e+03 2.0177745820e-01
2.3410000000e+03 1.4801912010e-01
2.3420000000e+03 2.1821770070e-01
2.3430000000e+03 2.1752637620e-01
2.3440000000e+03 1.6453827920e-01
2.3450000000e+03 2.4265791480e-01
2.3460000000e+03 2.8719264270e-01
2.3470000000e+03 3.0420723560e-01
2.3480000000e+03 2.0070642230e-01
2.3490000000e+03 3.5668852930e-01
2.3500000000e+03 3.1627038120e-01
2.3510000000e+03 2.9311260580e-01
2.3520000000e+03 5.6103229520e-01
2.3530000000e+03 4.3293458220e-01
2.3540000000e+03 3.9424458150e-01
2.3550000000e+03 4.2941322920e-01
2.3560000000e+03 4.2526453730e-01
2.3570000000e+03 1.9662910700e-01
2.3580000000e+03 3.7414199110e-01
2.3590000000e+03 2.9954111580e-01
2.3600000000e+03 3.5063511130e-01
2.3610000000e+03 2.7455237510e-01
2.3620000000e+03 1.9059722130e-01
2.3630000000e+03 1.5049730240e-01
2.3640000000e+03 1.7199327050e-01
2.3650000000e+03 1.7909201980e-01
2.3660000000e+03 7.3687359690e-02
2.3670000000e+03 3.3945523200e-02
2.3680000000e+03 1.5103906390e-02
2.3690000000e+03 4.4352062050e-02
2.3700000000e+03 2.8804190460e-02
2.3710000000e+03 8.3798002450e-03
2.3720000000e+03 2.6001695080e-03
2.3730000000e+03 5.6951429000e-04
2.3740000000e+03 1.2531641410e-03
2.3750000000e+03 7.3585878130e-03
2.3760000000e+03 1.7143365000e-02
2.3770000000e+03 1.8841007720e-02
2.3780000000e+03 1.8652807920e-02
2.3790000000e+03 9.3952901660e-03
2.3800000000e+03 1.7307925970e-02
2.3810000000e+03 1.5273326080e-02
2.3820000000e+03 3.6757960920e-02
2.3830000000e+03 8.0732040110e-02
2.3840000000e+03 8.7844625120e-02
2.3850000000e+03 2.1078529950e-01
2.3860000000e+03 2.3486272990e-01
2.3870000000e+03 2.5903397800e-01
2.3880000000e+03 2.0787566900e-01
2.3890000000e+03 1.3024282460e-01
2.3900000000e+03 1.0604229570e-01
2.3910000000e+03 1.6054402290e-01
2.3920000000e+03 1.6656443480e-01
2.3930000000e+03 2.1670702100e-01
2.3940000000e+03 3.2217866180e-01
2.3950000000e+03 1.7401844260e-01
2.3960000000e+03 1.6146938500e-01
2.3970000000e+03 1.4767763020e-01
2.3980000000e+03 4.5917171240e-01
2.3990000000e+03 2.3203292490e-01
2.4000000000e+03 2.7316266300e-01
2.4010000000e+03 3.6513811350e-01
2.4020000000e+03 5.7311528920e-01
2.4030000000e+03 4.5725983380e-01
2.4040000000e+03 4.5264440770e-01
2.4050000000e+03 3.2320466640e-01
2.4060000000e+03 2.6543182130e-01
2.4070000000e+03 3.2702732090e-01
2.4080000000e+03 3.9581739900e-01
2.4090000000e+03 3.3339369300e-01
2.4100000000e+03 3.4525984530e-01
2.4110000000e+03 2.3581025000e-01
2.4120000000e+03 1.8546526130e-01
2.4130000000e+03 1.2378303710e-01
2.4140000000e+03 9.7583249210e-02
2.4150000000e+03 1.0500386360e-01
2.4160000000e+03 5.7287074630e-02
2.4170000000e+03 2.8915002940e-02
2.4180000000e+03 1.6239408400e-02
2.4190000000e+03 5.3388338540e-02
2.4200000000e+03 1.4193078970e-03
2.4210000000e+03 1.3746498150e-02
2.4220000000e+03 3.3527627590e-02
2.4230000000e+03 5.1004312930e-02
2.4240000000e+03 4.4117413460e-02
2.4250000000e+03 3.5994347180e-02
2.4260000000e+03 1.2630308980e-02
2.4270000000e+03 8.2640390610e-04
2.4280000000e+03 9.7449570890e-03
2.4290000000e+03 2.1134305280e-03
2.4300000000e+03 1.6410810640e-03
2.4310000000e+03 1.3969568540e-02
2.4320000000e+03 5.2632644770e-02
2.4330000000e+03 3.5329379140e-02
2.4340000000e+03 7.1505613630e-02
2.4350000000e+03 8.4315516050e-02
2.4360000000e+03 1.5372981130e-01
2.4370000000e+03 8.3195358510e-02
2.4380000000e+03 7.7971532940e-02
2.4390000000e+03 8.7438881400e-02
2.4400000000e+03 1.0881334540e-01
2.4410000000e+03 1.4133095740e-01
2.4420000000e+03 1.5703289210e-01
2.4430000000e+03 1.8460062150e-01
2.4440000000e+03 1.2803407010e-01
2.4450000000e+03 1.3586138190e-01
2.4460000000e+03 1.2488943340e-01
2.4470000000e+03 3.5204517840e-01
2.4480000000e+03 1.9595003130e-01
2.4490000000e+03 2.3809450860e-01
2.4500000000e+03 2.9487240310e-01
2.4510000000e+03 4.7806954380e-01
2.4520000000e+03 4.6371203660e-01
2.4530000000e+03 4.5159748200e-01
2.4540000000e+03 3.6936593060e-01
2.4550000000e+03 3.0491036180e-01
2.4560000000e+03 3.1236782670e-01
2.4570000000e+03 3.3638706800e-01
2.4580000000e+03 3.7669643760e-01
2.4590000000e+03 3.3404481410e-01
2.4600000000e+03 3.0152910950e-01
2.4610000000e+03 2.9225802420e-01
2.4620000000e+03 1.7821441590e-01
2.4630000000e+03 9.6624098720e-02
2.4640000000e+03 1.3637357950e-01
2.4650000000e+03 2.0011897390e-01
2.4660000000e+03 1.5278156100e-01
2.4670000000e+03 8.7262511250e-02
2.4680000000e+03 1.6595672070e-01
2.4690000000e+03 1.1652182040e-01
2.4700000000e+03 5.1887471230e-02
2.4710000000e+03 2.8822381050e-02
2.4720000000e+03 2.2212326530e-02
2.4730000000e+03 1.4446465300e-02
2.4740000000e+03 1.0686848310e-02
2.4750000000e+03 1.7071828250e-02
2.4760000000e+03 4.8119053240e-03
2.4770000000e+03 1.0762095450e-02
2.4780000000e+03 6.3308640380e-03
2.4790000000e+03 8.2228297830e-04
2.4800000000e+03 3.3102021550e-03
2.4810000000e+03 2.9710924250e-02
2.4820000000e+03 3.3115420490e-02
2.4830000000e+03 1.5804443510e-02
2.4840000000e+03 2.5617882610e-02
2.4850000000e+03 1.6365209220e-01
2.4860000000e+03 6.3036687670e-02
2.4870000000e+03 8.5705511270e-02
2.4880000000e+03 9.4803333280e-02
2.4890000000e+03 9.9508032200e-02
2.4900000000e+03 1.0746074470e-01
2.4910000000e+03 1.4555831250e-01
2.4920000000e+03 1.4268317820e-01
2.4930000000e+03 1.3204422590e-01
2.4940000000e+03 1.3144797090e-01
2.4950000000e+03 1.9378522040e-01
2.4960000000e+03 2.2785243390e-01
2.4970000000e+03 2.7764755490e-01
2.4980000000e+03 1.7936326560e-01
2.4990000000e+03 2.6207393410e-01
