0.0000000000e+00 5.8736690000e-01 8.6974680000e-01 
1.0000000000e+00 5.7473880000e-01 9.7988110000e-01 
2.0000000000e+00 5.3888500000e-01 1.0885570000e+00 
3.0000000000e+00 4.7296570000e-01 1.1835120000e+00 
4.0000000000e+00 3.8215210000e-01 1.2452470000e+00 
5.0000000000e+00 2.8912190000e-01 1.2608230000e+00 
6.0000000000e+00 2.2126180000e-01 1.2377820000e+00 
7.0000000000e+00 1.9290020000e-01 1.1995450000e+00 
8.0000000000e+00 2.0239330000e-01 1.1708610000e+00 
9.0000000000e+00 2.4101690000e-01 1.1690740000e+00 
1.0000000000e+01 2.7216580000e-01 1.2308500000e+00 
1.1000000000e+01 2.1951080000e-01 1.3231830000e+00 
1.2000000000e+01 9.5172360000e-02 1.3225980000e+00 
1.3000000000e+01 2.9409100000e-02 1.2233730000e+00 
1.4000000000e+01 6.2719290000e-02 1.1125470000e+00 
1.5000000000e+01 1.7803800000e-01 1.0663740000e+00 
1.6000000000e+01 2.8631560000e-01 1.1445320000e+00 
1.7000000000e+01 2.7193710000e-01 1.2751000000e+00 
1.8000000000e+01 1.6060520000e-01 1.3361590000e+00 
1.9000000000e+01 2.8306390000e-02 1.2973160000e+00 
2.0000000000e+01 -7.0389520000e-02 1.1534170000e+00 
2.1000000000e+01 -3.8959130000e-02 9.1976920000e-01 
2.2000000000e+01 1.9968240000e-01 7.7381130000e-01 
2.3000000000e+01 4.1396260000e-01 8.6453910000e-01 
2.4000000000e+01 4.7161270000e-01 9.7763020000e-01 
2.5000000000e+01 4.9372430000e-01 1.0421880000e+00 
2.6000000000e+01 5.0883330000e-01 1.0934610000e+00 
2.7000000000e+01 5.1555090000e-01 1.1386830000e+00 
2.8000000000e+01 5.1554840000e-01 1.1801540000e+00 
2.9000000000e+01 5.0900620000e-01 1.2207680000e+00 
3.0000000000e+01 4.9449150000e-01 1.2617480000e+00 
3.1000000000e+01 4.7079540000e-01 1.3024780000e+00 
3.2000000000e+01 4.3823070000e-01 1.3421940000e+00 
3.3000000000e+01 3.9755810000e-01 1.3829900000e+00 
3.4000000000e+01 3.4397270000e-01 1.4342820000e+00 
3.5000000000e+01 2.3102160000e-01 1.5191910000e+00 
3.6000000000e+01 -9.6272930000e-02 1.3442880000e+00 
3.7000000000e+01 1.2341790000e-01 1.1741110000e+00 
3.8000000000e+01 1.6236870000e-01 1.2198090000e+00 
3.9000000000e+01 1.4833890000e-01 1.2403090000e+00 
4.0000000000e+01 2.4600010000e-01 1.1340720000e+00 
4.1000000000e+01 1.6137820000e-01 1.0589160000e+00 
4.2000000000e+01 1.7434330000e-01 1.0193230000e+00 
4.3000000000e+01 1.9520790000e-01 1.0355270000e+00 
4.4000000000e+01 1.9559720000e-01 1.0716260000e+00 
4.5000000000e+01 1.8127300000e-01 1.1065760000e+00 
4.6000000000e+01 1.6194880000e-01 1.1360360000e+00 
4.7000000000e+01 1.4255430000e-01 1.1632620000e+00 
4.8000000000e+01 1.2826900000e-01 1.2153560000e+00 
4.9000000000e+01 7.2926990000e-02 1.2670150000e+00 
5.0000000000e+01 -4.9367610000e-02 1.2876390000e+00 
5.1000000000e+01 -1.5681160000e-01 1.1856750000e+00 
5.2000000000e+01 -1.4649820000e-01 1.0524200000e+00 
5.3000000000e+01 -5.0910040000e-02 9.7239950000e-01 
5.4000000000e+01 7.9652150000e-02 1.0088910000e+00 
5.5000000000e+01 9.2879400000e-02 1.1563830000e+00 
5.6000000000e+01 -4.0300360000e-02 1.2304340000e+00 
5.7000000000e+01 -1.9751720000e-01 1.1699940000e+00 
5.8000000000e+01 -2.9380040000e-01 9.6933080000e-01 
5.9000000000e+01 -1.5453770000e-01 7.1412610000e-01 
6.0000000000e+01 9.1032030000e-02 7.0336460000e-01 
6.1000000000e+01 2.1901400000e-01 7.8462310000e-01 
6.2000000000e+01 2.8466940000e-01 8.7212740000e-01 
6.3000000000e+01 3.0802990000e-01 9.4755650000e-01 
6.4000000000e+01 3.1219490000e-01 1.0020520000e+00 
6.5000000000e+01 3.1306580000e-01 1.0420060000e+00 
6.6000000000e+01 3.1594190000e-01 1.0776340000e+00 
6.7000000000e+01 3.1879710000e-01 1.1176160000e+00 
6.8000000000e+01 3.1497290000e-01 1.1667640000e+00 
6.9000000000e+01 2.9679570000e-01 1.2246710000e+00 
7.0000000000e+01 2.5912710000e-01 1.2883000000e+00 
7.1000000000e+01 1.9750620000e-01 1.3595640000e+00 
7.2000000000e+01 8.3229980000e-02 1.4571560000e+00 
7.3000000000e+01 -3.2549370000e-01 1.5004440000e+00 
7.4000000000e+01 -1.7142730000e-01 9.1154870000e-01 
7.5000000000e+01 -5.6088190000e-03 1.0355700000e+00 
7.6000000000e+01 -1.1482600000e-02 1.0946610000e+00 
7.7000000000e+01 -4.1661310000e-02 1.1142600000e+00 
7.8000000000e+01 -7.6209200000e-02 1.1130050000e+00 
7.9000000000e+01 -1.0883150000e-01 1.0969340000e+00 
8.0000000000e+01 2.5501950000e-01 9.0691260000e-01 
8.1000000000e+01 2.5952500000e-01 9.9583110000e-01 
8.2000000000e+01 2.1791090000e-01 1.0678750000e+00 
8.3000000000e+01 1.6183350000e-01 1.1108960000e+00 
8.4000000000e+01 1.0925060000e-01 1.1326290000e+00 
8.5000000000e+01 6.5397520000e-02 1.1436360000e+00 
8.6000000000e+01 2.7665270000e-02 1.1509980000e+00 
8.7000000000e+01 1.1825930000e-01 1.1952710000e+00 
8.8000000000e+01 -5.3837250000e-02 1.2196560000e+00 
8.9000000000e+01 -1.7587440000e-01 1.2133740000e+00 
9.0000000000e+01 -2.6589890000e-01 1.0867530000e+00 
9.1000000000e+01 -2.2925120000e-01 9.5639980000e-01 
9.2000000000e+01 -1.2366600000e-01 8.9383850000e-01 
9.3000000000e+01 -2.8204390000e-03 9.6135710000e-01 
9.4000000000e+01 -4.8825300000e-02 1.1120800000e+00 
9.5000000000e+01 -2.1712010000e-01 1.1294320000e+00 
9.6000000000e+01 -3.6973620000e-01 9.9173850000e-01 
9.7000000000e+01 -3.5388520000e-01 7.1523300000e-01 
9.8000000000e+01 -1.1454710000e-01 5.8298390000e-01 
9.9000000000e+01 8.0433440000e-02 6.3670300000e-01 
1.0000000000e+02 1.7197960000e-01 7.4484860000e-01 
1.0100000000e+02 1.9224600000e-01 8.3076800000e-01 
1.0200000000e+02 1.9326400000e-01 8.8058520000e-01 
1.0300000000e+02 2.0082980000e-01 9.1267010000e-01 
1.0400000000e+02 2.1871860000e-01 9.4718790000e-01 
1.0500000000e+02 2.3822860000e-01 9.9849310000e-01 
1.0600000000e+02 2.4395660000e-01 1.0721860000e+00 
1.0700000000e+02 2.1950130000e-01 1.1643730000e+00 
1.0800000000e+02 1.5073720000e-01 1.2665050000e+00 
1.0900000000e+02 1.2215060000e-02 1.3736130000e+00 
1.1000000000e+02 -3.2418030000e-01 1.4326560000e+00 
1.1100000000e+02 -4.9414700000e-01 7.5584620000e-01 
1.1200000000e+02 -7.0685330000e-02 8.4964060000e-01 
1.1300000000e+02 -6.9106660000e-02 9.7479060000e-01 
1.1400000000e+02 -1.1807540000e-01 1.0164900000e+00 
1.1500000000e+02 -1.7135680000e-01 1.0200830000e+00 
1.1600000000e+02 -2.1968290000e-01 9.9870540000e-01 
1.1700000000e+02 -2.5395490000e-01 9.5786070000e-01 
1.1800000000e+02 -2.6422080000e-01 9.0829290000e-01 
1.1900000000e+02 -2.4923450000e-01 8.6809100000e-01 
1.2000000000e+02 2.6776650000e-01 1.0324430000e+00 
1.2100000000e+02 1.8328400000e-01 1.0958040000e+00 
1.2200000000e+02 1.0360520000e-01 1.1184880000e+00 
1.2300000000e+02 4.0267140000e-02 1.1207580000e+00 
1.2400000000e+02 -8.3886420000e-03 1.1158390000e+00 
1.2500000000e+02 -4.8066870000e-02 1.1099260000e+00 
1.2600000000e+02 -9.0923360000e-02 1.0902760000e+00 
1.2700000000e+02 -1.0605400000e-01 1.1649680000e+00 
1.2800000000e+02 -2.1594110000e-01 1.1555600000e+00 
1.2900000000e+02 -3.1986440000e-01 1.0464700000e+00 
1.3000000000e+02 -2.9831350000e-01 9.1099810000e-01 
1.3100000000e+02 -2.0736440000e-01 8.3831000000e-01 
1.3200000000e+02 -8.5998890000e-02 8.8315390000e-01 
1.3300000000e+02 -1.2558160000e-01 1.0317760000e+00 
1.3400000000e+02 -2.9962230000e-01 1.0393480000e+00 
1.3500000000e+02 -4.4810660000e-01 8.7427270000e-01 
1.3600000000e+02 -3.8462150000e-01 5.9609840000e-01 
1.3700000000e+02 -1.3937600000e-01 4.9694840000e-01 
1.3800000000e+02 4.2779510000e-02 5.7579020000e-01 
1.3900000000e+02 1.0134820000e-01 6.8171310000e-01 
1.4000000000e+02 1.1482920000e-01 7.3803950000e-01 
1.4100000000e+02 1.4019660000e-01 7.7138540000e-01 
1.4200000000e+02 1.7872840000e-01 8.1858880000e-01 
1.4300000000e+02 2.0829430000e-01 8.9606550000e-01 
1.4400000000e+02 2.0516150000e-01 1.0008940000e+00 
1.4500000000e+02 1.4933600000e-01 1.1234520000e+00 
1.4600000000e+02 1.9074110000e-03 1.2505360000e+00 
1.4700000000e+02 -3.4603530000e-01 1.2568020000e+00 
1.4800000000e+02 -4.3415860000e-01 7.3734360000e-01 
1.4900000000e+02 -9.9091620000e-02 7.3769340000e-01 
1.5000000000e+02 -6.5638890000e-02 8.6732860000e-01 
1.5100000000e+02 -1.1645270000e-01 9.2637030000e-01 
1.5200000000e+02 -1.8026790000e-01 9.3586280000e-01 
1.5300000000e+02 -2.3462330000e-01 9.0818800000e-01 
1.5400000000e+02 -2.4574510000e-01 8.5766010000e-01 
1.5500000000e+02 -2.2663700000e-01 8.5926060000e-01 
1.5600000000e+02 -2.5170010000e-01 8.7310400000e-01 
1.5700000000e+02 -2.8393900000e-01 8.6390800000e-01 
1.5800000000e+02 -3.0738130000e-01 8.4412290000e-01 
1.5900000000e+02 -3.1868260000e-01 8.2548330000e-01 
1.6000000000e+02 1.6521010000e-01 1.1000950000e+00 
1.6100000000e+02 6.9974860000e-02 1.1093240000e+00 
1.6200000000e+02 -4.1302110000e-04 1.0983250000e+00 
1.6300000000e+02 -5.2141860000e-02 1.0822990000e+00 
1.6400000000e+02 -9.2630760000e-02 1.0670430000e+00 
1.6500000000e+02 -1.3016050000e-01 1.0511720000e+00 
1.6600000000e+02 1.4626890000e-02 9.4234590000e-01 
1.6700000000e+02 -2.1468090000e-01 1.1051250000e+00 
1.6800000000e+02 -3.3394560000e-01 1.0385750000e+00 
1.6900000000e+02 -3.6103180000e-01 8.9527260000e-01 
1.7000000000e+02 -2.9694590000e-01 7.9504990000e-01 
1.7100000000e+02 -1.7764410000e-01 7.7929690000e-01 
1.7200000000e+02 -1.4902080000e-01 9.1589590000e-01 
1.7300000000e+02 -3.0723490000e-01 9.6283470000e-01 
1.7400000000e+02 -4.6844430000e-01 8.2345640000e-01 
1.7500000000e+02 -4.3717780000e-01 5.5382820000e-01 
1.7600000000e+02 -2.0916140000e-01 4.2589220000e-01 
1.7700000000e+02 -2.1986130000e-02 4.9313220000e-01 
1.7800000000e+02 3.8464910000e-02 5.7698810000e-01 
1.7900000000e+02 8.6366300000e-02 6.2034040000e-01 
1.8000000000e+02 1.4696780000e-01 6.8412830000e-01 
1.8100000000e+02 1.8090550000e-01 7.8745830000e-01 
1.8200000000e+02 1.6001900000e-01 9.0970510000e-01 
1.8300000000e+02 6.7714790000e-02 1.0306350000e+00 
1.8400000000e+02 -1.5607670000e-01 1.0862660000e+00 
1.8500000000e+02 -3.0938750000e-01 8.1309720000e-01 
1.8600000000e+02 -1.3226100000e-01 7.2776210000e-01 
1.8700000000e+02 -8.3908470000e-02 7.9018380000e-01 
1.8800000000e+02 -1.0444520000e-01 8.3533340000e-01 
1.8900000000e+02 -1.4648890000e-01 8.5133510000e-01 
1.9000000000e+02 -1.7748970000e-01 8.3014010000e-01 
1.9100000000e+02 -4.8215070000e-02 8.9921370000e-01 
1.9200000000e+02 -3.2258690000e-01 9.7556350000e-01 
1.9300000000e+02 -3.9672110000e-01 8.9161650000e-01 
1.9400000000e+02 -4.3740750000e-01 8.2842190000e-01 
1.9500000000e+02 -4.6035900000e-01 7.6977900000e-01 
1.9600000000e+02 -4.6535330000e-01 7.1620320000e-01 
1.9700000000e+02 -4.5213810000e-01 6.7647980000e-01 
1.9800000000e+02 -4.3034940000e-01 6.7164040000e-01 
1.9900000000e+02 -4.7188990000e-01 7.1323710000e-01 
2.0000000000e+02 6.4050690000e-02 1.0999660000e+00 
2.0100000000e+02 -1.6875960000e-02 1.0790630000e+00 
2.0200000000e+02 -7.3773150000e-02 1.0533740000e+00 
2.0300000000e+02 -1.1653740000e-01 1.0295390000e+00 
2.0400000000e+02 -1.5277500000e-01 1.0082620000e+00 
2.0500000000e+02 -1.9157690000e-01 9.7639750000e-01 
2.0600000000e+02 -1.6088330000e-01 1.0803020000e+00 
2.0700000000e+02 -3.0586720000e-01 1.0257150000e+00 
2.0800000000e+02 -3.9675640000e-01 9.0563830000e-01 
2.0900000000e+02 -3.7417930000e-01 7.7009570000e-01 
2.1000000000e+02 -2.7855170000e-01 6.9035610000e-01 
2.1100000000e+02 -1.6079200000e-01 7.5899550000e-01 
2.1200000000e+02 -2.5299060000e-01 8.8090540000e-01 
2.1300000000e+02 -4.3599800000e-01 8.1836620000e-01 
2.1400000000e+02 -4.9329880000e-01 5.7286010000e-01 
2.1500000000e+02 -3.1773970000e-01 3.7416320000e-01 
2.1600000000e+02 -1.0479780000e-01 3.8859850000e-01 
2.1700000000e+02 -6.7665240000e-03 4.5145670000e-01 
2.1800000000e+02 8.4699590000e-02 5.1510710000e-01 
2.1900000000e+02 1.4506450000e-01 6.3086880000e-01 
2.2000000000e+02 1.2957280000e-01 7.6366100000e-01 
2.2100000000e+02 3.9196940000e-02 8.6933200000e-01 
2.2200000000e+02 -1.2733960000e-01 8.7830930000e-01 
2.2300000000e+02 -1.6396470000e-01 7.4023660000e-01 
2.2400000000e+02 -1.1669950000e-01 7.2979090000e-01 
2.2500000000e+02 -1.2245040000e-01 7.4897060000e-01 
2.2600000000e+02 -1.4715050000e-01 7.5622080000e-01 
2.2700000000e+02 -1.7236980000e-01 7.4863770000e-01 
2.2800000000e+02 -1.6378960000e-01 7.1437360000e-01 
2.2900000000e+02 -1.7988400000e-01 1.1189660000e+00 
2.3000000000e+02 -3.9203750000e-01 8.5111980000e-01 
2.3100000000e+02 -4.4163730000e-01 7.8842010000e-01 
2.3200000000e+02 -4.9319220000e-01 7.3153320000e-01 
2.3300000000e+02 -5.3187020000e-01 6.6409200000e-01 
2.3400000000e+02 -5.4547680000e-01 5.9132110000e-01 
2.3500000000e+02 -5.2857400000e-01 5.2895480000e-01 
2.3600000000e+02 -4.8800640000e-01 5.0085650000e-01 
2.3700000000e+02 -4.6458450000e-01 5.3762210000e-01 
2.3800000000e+02 -5.6548160000e-01 5.7321640000e-01 
2.3900000000e+02 -7.1450520000e-01 4.6828710000e-01 
2.4000000000e+02 -1.2285660000e-02 1.0686090000e+00 
2.4100000000e+02 -7.8202400000e-02 1.0330560000e+00 
2.4200000000e+02 -1.2508690000e-01 1.0000810000e+00 
2.4300000000e+02 -1.6215930000e-01 9.7130300000e-01 
2.4400000000e+02 -1.9657800000e-01 9.4366810000e-01 
2.4500000000e+02 -2.3050680000e-01 8.7471810000e-01 
2.4600000000e+02 -2.4928570000e-01 1.0054950000e+00 
2.4700000000e+02 -3.7621300000e-01 9.2520010000e-01 
2.4800000000e+02 -4.2466590000e-01 7.7370300000e-01 
2.4900000000e+02 -3.6552410000e-01 6.4437350000e-01 
2.5000000000e+02 -2.2290810000e-01 6.0072930000e-01 
2.5100000000e+02 -1.6679530000e-01 7.5451810000e-01 
2.5200000000e+02 -3.4440900000e-01 8.1923690000e-01 
2.5300000000e+02 -5.1293030000e-01 6.4180430000e-01 
2.5400000000e+02 -4.4703230000e-01 3.7179470000e-01 
2.5500000000e+02 -2.1241330000e-01 2.8083990000e-01 
2.5600000000e+02 -5.4590670000e-02 3.2250220000e-01 
2.5700000000e+02 7.0350870000e-02 4.1347460000e-01 
2.5800000000e+02 1.1264510000e-01 5.5952780000e-01 
2.5900000000e+02 5.7453000000e-02 6.8056080000e-01 
2.6000000000e+02 -5.0499840000e-02 7.2310500000e-01 
2.6100000000e+02 -1.0913080000e-01 6.7707870000e-01 
2.6200000000e+02 -1.1828200000e-01 6.6791020000e-01 
2.6300000000e+02 -1.4459470000e-01 6.6625880000e-01 
2.6400000000e+02 -1.7222530000e-01 6.5369060000e-01 
2.6500000000e+02 -1.9031740000e-01 6.3121000000e-01 
2.6600000000e+02 -1.7344000000e-01 5.9548580000e-01 
2.6700000000e+02 2.3793950000e-02 1.0269160000e+00 
2.6800000000e+02 -3.7886760000e-01 7.0231340000e-01 
2.6900000000e+02 -3.9349720000e-01 6.5809630000e-01 
2.7000000000e+02 -4.4148380000e-01 6.3618050000e-01 
2.7100000000e+02 -5.0645710000e-01 5.9616590000e-01 
2.7200000000e+02 -5.6072880000e-01 5.2334950000e-01 
2.7300000000e+02 -5.7126410000e-01 4.3249370000e-01 
2.7400000000e+02 -5.2793960000e-01 3.6875710000e-01 
2.7500000000e+02 -4.7047470000e-01 3.7994680000e-01 
2.7600000000e+02 -4.9454160000e-01 4.6424530000e-01 
2.7700000000e+02 -6.6412550000e-01 4.7088480000e-01 
2.7800000000e+02 -8.7896860000e-01 2.4745110000e-01 
2.7900000000e+02 -4.3432350000e-01 -1.5076090000e-01 
2.8000000000e+02 -6.6965210000e-02 1.0242960000e+00 
2.8100000000e+02 -1.2091770000e-01 9.8074400000e-01 
2.8200000000e+02 -1.6041940000e-01 9.4301160000e-01 
2.8300000000e+02 -1.9357230000e-01 9.0987970000e-01 
2.8400000000e+02 -2.2702590000e-01 8.7407560000e-01 
2.8500000000e+02 -1.8943020000e-01 7.2711650000e-01 
2.8600000000e+02 -3.0920460000e-01 9.2581560000e-01 
2.8700000000e+02 -4.2197530000e-01 8.0831950000e-01 
2.8800000000e+02 -4.2324310000e-01 6.3971190000e-01 
2.8900000000e+02 -3.1916360000e-01 5.1961750000e-01 
2.9000000000e+02 -1.3488220000e-01 5.6238740000e-01 
2.9100000000e+02 -1.9836780000e-01 7.6887070000e-01 
2.9200000000e+02 -4.5498220000e-01 7.3099810000e-01 
2.9300000000e+02 -5.5026790000e-01 4.4618870000e-01 
2.9400000000e+02 -3.6014310000e-01 2.0617150000e-01 
2.9500000000e+02 -1.3120720000e-01 1.9390240000e-01 
2.9600000000e+02 3.2426940000e-02 2.9198040000e-01 
2.9700000000e+02 7.3295000000e-02 4.4776910000e-01 
2.9800000000e+02 1.0932320000e-02 5.4509480000e-01 
2.9900000000e+02 -5.2340610000e-02 5.5908360000e-01 
3.0000000000e+02 -8.7014990000e-02 5.6814040000e-01 
3.0100000000e+02 -1.3203130000e-01 5.6507890000e-01 
3.0200000000e+02 -1.6804770000e-01 5.4309060000e-01 
3.0300000000e+02 -1.8768560000e-01 5.1107950000e-01 
3.0400000000e+02 -1.7736900000e-01 4.7241500000e-01 
3.0500000000e+02 4.5109650000e-03 4.9157880000e-01 
3.0600000000e+02 -3.8305550000e-01 5.7933000000e-01 
3.0700000000e+02 -3.4012330000e-01 4.9123900000e-01 
3.0800000000e+02 -3.4194150000e-01 4.8433070000e-01 
3.0900000000e+02 -3.8232060000e-01 4.9403860000e-01 
3.1000000000e+02 -4.6113060000e-01 4.8339130000e-01 
3.1100000000e+02 -5.4429230000e-01 4.1598710000e-01 
3.1200000000e+02 -5.6153360000e-01 3.0812620000e-01 
3.1300000000e+02 -5.0262130000e-01 2.5895250000e-01 
3.1400000000e+02 -4.7694570000e-01 3.1091830000e-01 
3.1500000000e+02 -5.7340780000e-01 3.8681440000e-01 
3.1600000000e+02 -8.2377580000e-01 3.3725980000e-01 
3.1700000000e+02 -9.6980350000e-01 -1.8313890000e-01 
3.1800000000e+02 -3.4864080000e-01 -2.7931090000e-01 
3.1900000000e+02 -3.7694080000e-01 6.0403560000e-02 
3.2000000000e+02 -1.0480540000e-01 9.7409100000e-01 
3.2100000000e+02 -1.4907790000e-01 9.2546780000e-01 
3.2200000000e+02 -1.8271710000e-01 8.8414530000e-01 
3.2300000000e+02 -2.1282780000e-01 8.4684580000e-01 
3.2400000000e+02 -2.4519890000e-01 8.0031830000e-01 
3.2500000000e+02 9.0147980000e-03 7.9906790000e-01 
3.2600000000e+02 -3.5349880000e-01 8.3651890000e-01 
3.2700000000e+02 -4.3903330000e-01 6.7945310000e-01 
3.2800000000e+02 -3.8734620000e-01 5.0992000000e-01 
3.2900000000e+02 -2.2675780000e-01 4.1842990000e-01 
3.3000000000e+02 -6.3790030000e-02 6.0020290000e-01 
3.3100000000e+02 -2.9526190000e-01 7.8029730000e-01 
3.3200000000e+02 -5.6516980000e-01 5.8331280000e-01 
3.3300000000e+02 -5.3465490000e-01 2.2601500000e-01 
3.3400000000e+02 -2.5750530000e-01 7.8352130000e-02 
3.3500000000e+02 -3.3200060000e-02 1.4621510000e-01 
3.3600000000e+02 3.8139870000e-02 3.0228320000e-01 
3.3700000000e+02 -6.1916070000e-03 3.8681920000e-01 
3.3800000000e+02 -3.0341470000e-02 4.1154920000e-01 
3.3900000000e+02 -7.4608970000e-02 4.4313270000e-01 
3.4000000000e+02 -1.2783380000e-01 4.3067320000e-01 
3.4100000000e+02 -1.5805390000e-01 3.9502630000e-01 
3.4200000000e+02 -1.5919780000e-01 3.5187200000e-01 
3.4300000000e+02 -9.1425160000e-02 3.1780340000e-01 
3.4400000000e+02 -2.8942910000e-01 6.8060380000e-01 
3.4500000000e+02 -3.1817710000e-01 3.4214540000e-01 
3.4600000000e+02 -2.7436180000e-01 3.0193810000e-01 
3.4700000000e+02 -2.5890490000e-01 3.0925080000e-01 
3.4800000000e+02 -2.8039480000e-01 3.4252280000e-01 
3.4900000000e+02 -3.5559740000e-01 3.7113750000e-01 
3.5000000000e+02 -4.6841550000e-01 3.3802480000e-01 
3.5100000000e+02 -5.1785800000e-01 2.3182830000e-01 
3.5200000000e+02 -4.8567680000e-01 1.9685660000e-01 
3.5300000000e+02 -5.2009220000e-01 2.3989820000e-01 
3.5400000000e+02 -6.7176740000e-01 2.6756040000e-01 
3.5500000000e+02 -9.9594850000e-01 4.9671960000e-02 
3.5600000000e+02 -6.8503860000e-01 -5.1122060000e-01 
3.5700000000e+02 -3.1675770000e-01 -3.6451140000e-01 
3.5800000000e+02 -2.7191480000e-01 -1.7754280000e-01 
3.5900000000e+02 -2.7264600000e-01 -1.4603050000e-01 
3.6000000000e+02 -1.2881130000e-01 9.2117820000e-01 
3.6100000000e+02 -1.6488160000e-01 8.6920370000e-01 
3.6200000000e+02 -1.9359160000e-01 8.2511660000e-01 
3.6300000000e+02 -2.2141640000e-01 7.8370690000e-01 
3.6400000000e+02 -2.5152890000e-01 7.2306350000e-01 
3.6500000000e+02 -1.4326860000e-01 8.9349830000e-01 
3.6600000000e+02 -3.8102400000e-01 7.3624390000e-01 
3.6700000000e+02 -4.2013650000e-01 5.4802410000e-01 
3.6800000000e+02 -3.2007660000e-01 4.0087210000e-01 
3.6900000000e+02 -1.0133900000e-01 3.7428760000e-01 
3.7000000000e+02 -7.0672120000e-02 6.8544110000e-01 
3.7100000000e+02 -4.4435940000e-01 7.2545290000e-01 
3.7200000000e+02 -6.4494470000e-01 3.7535840000e-01 
3.7300000000e+02 -4.4721000000e-01 2.1615730000e-02 
3.7400000000e+02 -1.4334740000e-01 -9.3166460000e-03 
3.7500000000e+02 -1.2628140000e-03 1.3205210000e-01 
3.7600000000e+02 -1.3373490000e-02 2.1941730000e-01 
3.7700000000e+02 -7.8395480000e-03 2.5052740000e-01 
3.7800000000e+02 -4.4011470000e-02 2.9531750000e-01 
3.7900000000e+02 -9.4814770000e-02 2.8083670000e-01 
3.8000000000e+02 -1.1441220000e-01 2.3784550000e-01 
3.8100000000e+02 -9.0281100000e-02 1.9101750000e-01 
3.8200000000e+02 6.3688260000e-02 2.3596580000e-01 
3.8300000000e+02 -3.1074500000e-01 3.0056770000e-01 
3.8400000000e+02 -2.3450990000e-01 1.4960980000e-01 
3.8500000000e+02 -1.8359050000e-01 1.1827080000e-01 
3.8600000000e+02 -1.4891630000e-01 1.2619630000e-01 
3.8700000000e+02 -1.3841050000e-01 1.6753570000e-01 
3.8800000000e+02 -1.7264330000e-01 2.3386870000e-01 
3.8900000000e+02 -2.7850920000e-01 2.9212630000e-01 
3.9000000000e+02 -4.2602430000e-01 2.6143030000e-01 
3.9100000000e+02 -5.0641630000e-01 1.9353990000e-01 
3.9200000000e+02 -6.0081890000e-01 1.5969360000e-01 
3.9300000000e+02 -7.9193270000e-01 6.5685180000e-02 
3.9400000000e+02 -8.9130120000e-01 -3.3455020000e-01 
3.9500000000e+02 -5.0781680000e-01 -5.6764070000e-01 
3.9600000000e+02 -3.2138160000e-01 -4.4192550000e-01 
3.9700000000e+02 -1.7274470000e-01 -3.4328190000e-01 
3.9800000000e+02 -2.2406920000e-01 -2.4740740000e-01 
3.9900000000e+02 -2.3056020000e-01 -2.2872700000e-01 
4.0000000000e+02 -1.4078050000e-01 8.6749060000e-01 
4.0100000000e+02 -1.6971380000e-01 8.1342550000e-01 
4.0200000000e+02 -1.9430580000e-01 7.6726870000e-01 
4.0300000000e+02 -2.2047870000e-01 7.2157720000e-01 
4.0400000000e+02 -2.4549270000e-01 6.4243330000e-01 
4.0500000000e+02 -2.3269790000e-01 8.1374800000e-01 
4.0600000000e+02 -3.8555370000e-01 6.2672790000e-01 
4.0700000000e+02 -3.6347280000e-01 4.3512470000e-01 
4.0800000000e+02 -2.4015760000e-01 3.2068510000e-01 
4.0900000000e+02 1.1465580000e-02 4.0906250000e-01 
4.1000000000e+02 -1.7370270000e-01 7.4972510000e-01 
4.1100000000e+02 -5.9577460000e-01 5.8707150000e-01 
4.1200000000e+02 -6.5623330000e-01 1.1533340000e-01 
4.1300000000e+02 -3.2310630000e-01 -1.3426070000e-01 
4.1400000000e+02 -6.8457120000e-02 -5.6905450000e-02 
4.1500000000e+02 -2.5591760000e-02 4.3887620000e-02 
4.1600000000e+02 8.3378770000e-03 6.6237330000e-02 
4.1700000000e+02 8.0698690000e-03 1.2366230000e-01 
4.1800000000e+02 -3.2367830000e-02 1.1983760000e-01 
4.1900000000e+02 -3.9440940000e-02 7.6463670000e-02 
4.2000000000e+02 1.2799760000e-02 3.4290100000e-02 
4.2100000000e+02 1.5647110000e-01 2.5085280000e-01 
4.2200000000e+02 -2.0236900000e-01 8.1538270000e-02 
4.2300000000e+02 -1.2075560000e-01 -2.8211700000e-02 
4.2400000000e+02 -5.7129680000e-02 -6.0425410000e-02 
4.2500000000e+02 1.1767450000e-03 -5.8479320000e-02 
4.2600000000e+02 5.7268460000e-02 -1.9449150000e-02 
4.2700000000e+02 1.0749900000e-01 8.2059430000e-02 
4.2800000000e+02 7.5434130000e-02 3.2672710000e-01 
4.2900000000e+02 -3.5080830000e-01 4.9118450000e-01 
4.3000000000e+02 -6.3539290000e-01 2.2927850000e-01 
4.3100000000e+02 -7.5012640000e-01 5.7656170000e-03 
4.3200000000e+02 -7.7668030000e-01 -2.8322980000e-01 
4.3300000000e+02 -6.6352360000e-01 -4.7950490000e-01 
4.3400000000e+02 -4.6326270000e-01 -6.4584240000e-01 
4.3500000000e+02 -3.0030070000e-01 -5.5611260000e-01 
4.3600000000e+02 -1.2535260000e-01 -5.8802250000e-01 
4.3700000000e+02 -1.7293770000e-01 -3.8857960000e-01 
4.3800000000e+02 -1.9809140000e-01 -3.8445890000e-01 
4.3900000000e+02 -1.8829120000e-01 -3.8845270000e-01 
4.4000000000e+02 -1.4192030000e-01 8.1424130000e-01 
4.4100000000e+02 -1.6448090000e-01 7.5910420000e-01 
4.4200000000e+02 -1.8563170000e-01 7.1132190000e-01 
4.4300000000e+02 -2.1048510000e-01 6.6095400000e-01 
4.4400000000e+02 -2.2476490000e-01 5.5828860000e-01 
4.4500000000e+02 -2.6272490000e-01 7.2049850000e-01 
4.4600000000e+02 -3.5759240000e-01 5.1759540000e-01 
4.4700000000e+02 -2.9203170000e-01 3.6461320000e-01 
4.4800000000e+02 -1.5336140000e-01 2.5737220000e-01 
4.4900000000e+02 5.5278900000e-02 4.9762840000e-01 
4.5000000000e+02 -3.3968020000e-01 7.3744300000e-01 
4.5100000000e+02 -7.1579700000e-01 3.6995380000e-01 
4.5200000000e+02 -5.7452020000e-01 -1.4133600000e-01 
4.5300000000e+02 -2.0257930000e-01 -2.4406720000e-01 
4.5400000000e+02 -5.2366360000e-02 -1.4512500000e-01 
4.5500000000e+02 8.3421930000e-03 -1.3482260000e-01 
4.5600000000e+02 7.6438540000e-02 -8.0741820000e-02 
4.5700000000e+02 6.4430200000e-02 -5.5143120000e-02 
4.5800000000e+02 7.1407460000e-02 -8.6087390000e-02 
4.5900000000e+02 1.4605670000e-01 -1.1399660000e-01 
4.6000000000e+02 1.9522460000e-01 1.6984910000e-01 
4.6100000000e+02 -5.3560930000e-02 -9.2731260000e-02 
4.6200000000e+02 4.1545590000e-02 -1.8761000000e-01 
4.6300000000e+02 1.2463520000e-01 -2.1733240000e-01 
4.6400000000e+02 2.1409760000e-01 -2.1481110000e-01 
4.6500000000e+02 3.2873200000e-01 -1.6611780000e-01 
4.6600000000e+02 4.8846710000e-01 1.0997980000e-02 
4.6700000000e+02 4.6209340000e-01 5.8389470000e-01 
4.6800000000e+02 -4.5653210000e-01 7.6686130000e-01 
4.6900000000e+02 -8.3646640000e-01 1.8109410000e-01 
4.7000000000e+02 -8.0746600000e-01 -2.9368370000e-01 
4.7100000000e+02 -5.8648480000e-01 -4.9023510000e-01 
4.7200000000e+02 -5.2206770000e-01 -5.5681020000e-01 
4.7300000000e+02 -4.5399700000e-01 -7.5571850000e-01 
4.7400000000e+02 -2.1929850000e-01 -7.3139120000e-01 
4.7500000000e+02 -1.4487850000e-01 -7.8355210000e-01 
4.7600000000e+02 -6.0080440000e-02 -5.7185460000e-01 
4.7700000000e+02 -1.0132880000e-01 -5.8577110000e-01 
4.7800000000e+02 -8.0786120000e-02 -6.0617760000e-01 
4.7900000000e+02 -2.9443080000e-02 -6.1215350000e-01 
4.8000000000e+02 -1.3265640000e-01 7.6202530000e-01 
4.8100000000e+02 -1.4926270000e-01 7.0676240000e-01 
4.8200000000e+02 -1.6725580000e-01 6.5780390000e-01 
4.8300000000e+02 -1.9065290000e-01 6.0236920000e-01 
4.8400000000e+02 -1.8426070000e-01 4.7164590000e-01 
4.8500000000e+02 -2.5764510000e-01 6.2999790000e-01 
4.8600000000e+02 -2.9519800000e-01 4.3404170000e-01 
4.8700000000e+02 -2.4847970000e-01 3.2009010000e-01 
4.8800000000e+02 -4.9963540000e-02 2.2860570000e-01 
4.8900000000e+02 1.2524820000e-02 5.8057610000e-01 
4.9000000000e+02 -5.1904150000e-01 6.2829570000e-01 
4.9100000000e+02 -7.6829020000e-01 8.1710890000e-02 
4.9200000000e+02 -4.3714720000e-01 -3.5684490000e-01 
4.9300000000e+02 -1.1736260000e-01 -3.5514330000e-01 
4.9400000000e+02 -2.1572490000e-03 -3.4023440000e-01 
4.9500000000e+02 1.5106590000e-01 -3.2070790000e-01 
4.9600000000e+02 2.0772790000e-01 -2.4441690000e-01 
4.9700000000e+02 2.2968680000e-01 -2.3553290000e-01 
4.9800000000e+02 3.0638210000e-01 -2.3812660000e-01 
4.9900000000e+02 3.3192270000e-01 1.1720500000e-02 
5.0000000000e+02 1.5693910000e-01 -2.2569640000e-01 
5.0100000000e+02 2.6893670000e-01 -2.9543390000e-01 
5.0200000000e+02 3.7251200000e-01 -3.0516890000e-01 
5.0300000000e+02 4.9515020000e-01 -2.7573640000e-01 
5.0400000000e+02 6.6544940000e-01 -1.5731710000e-01 
5.0500000000e+02 8.1191520000e-01 2.4087660000e-01 
5.0600000000e+02 3.4801260000e-01 8.3649470000e-01 
5.0700000000e+02 -4.5720940000e-01 6.9053020000e-01 
5.0800000000e+02 -8.3688750000e-01 1.1669090000e-01 
5.0900000000e+02 -7.2559030000e-01 -4.5539770000e-01 
5.1000000000e+02 -4.6943360000e-01 -6.0119520000e-01 
5.1100000000e+02 -4.0320550000e-01 -6.7434430000e-01 
5.1200000000e+02 -3.7943860000e-01 -8.7830550000e-01 
5.1300000000e+02 -3.3907380000e-02 -9.4020210000e-01 
5.1400000000e+02 3.0172460000e-02 -8.9095610000e-01 
5.1500000000e+02 1.8753170000e-01 -7.5279220000e-01 
5.1600000000e+02 1.1903480000e-01 -7.5886770000e-01 
5.1700000000e+02 1.6315050000e-01 -7.8481670000e-01 
5.1800000000e+02 2.4598190000e-01 -7.8557220000e-01 
5.1900000000e+02 3.4428800000e-01 -7.3005390000e-01 
5.2000000000e+02 -1.1223840000e-01 7.1136280000e-01 
5.2100000000e+02 -1.2280690000e-01 6.5722110000e-01 
5.2200000000e+02 -1.3756280000e-01 6.0802280000e-01 
5.2300000000e+02 -1.5891270000e-01 5.4783780000e-01 
5.2400000000e+02 -1.1598150000e-01 3.8699910000e-01 
5.2500000000e+02 -2.2068340000e-01 5.5395630000e-01 
5.2600000000e+02 -2.3290780000e-01 4.0132030000e-01 
5.2700000000e+02 -2.1675710000e-01 2.4931730000e-01 
5.2800000000e+02 2.6581300000e-02 2.5218010000e-01 
5.2900000000e+02 -9.1718640000e-02 6.0959550000e-01 
5.3000000000e+02 -6.6981970000e-01 4.2378360000e-01 
5.3100000000e+02 -7.1559900000e-01 -2.5052100000e-01 
5.3200000000e+02 -2.7108230000e-01 -5.5035450000e-01 
5.3300000000e+02 -5.4220260000e-03 -5.5152740000e-01 
5.3400000000e+02 2.3094510000e-01 -5.6277470000e-01 
5.3500000000e+02 4.0304750000e-01 -4.2732350000e-01 
5.3600000000e+02 4.3558680000e-01 -3.3531070000e-01 
5.3700000000e+02 4.7820750000e-01 -3.0513290000e-01 
5.3800000000e+02 5.3438580000e-01 -1.6716080000e-01 
5.3900000000e+02 4.3365850000e-01 -2.6901510000e-01 
5.4000000000e+02 5.3299580000e-01 -2.8971270000e-01 
5.4100000000e+02 6.3601900000e-01 -2.5863590000e-01 
5.4200000000e+02 7.6571720000e-01 -1.5281920000e-01 
5.4300000000e+02 8.2665670000e-01 1.4426040000e-01 
5.4400000000e+02 5.6534770000e-01 4.1215980000e-01 
5.4500000000e+02 2.8463460000e-01 4.9358570000e-01 
5.4600000000e+02 -9.6865450000e-02 5.4627080000e-01 
5.4700000000e+02 -6.4035790000e-01 2.6839890000e-01 
5.4800000000e+02 -7.4221540000e-01 -4.5162570000e-01 
5.4900000000e+02 -3.8449260000e-01 -7.3872770000e-01 
5.5000000000e+02 -2.2980420000e-01 -8.1553810000e-01 
5.5100000000e+02 -1.5272530000e-01 -9.7591880000e-01 
5.5200000000e+02 2.4876070000e-01 -1.0669450000e+00 
5.5300000000e+02 3.3574790000e-01 -9.1074390000e-01 
5.5400000000e+02 4.6122590000e-01 -8.5118900000e-01 
5.5500000000e+02 4.0949590000e-01 -7.7348480000e-01 
5.5600000000e+02 4.7430350000e-01 -7.8613890000e-01 
5.5700000000e+02 5.7813250000e-01 -7.5818420000e-01 
5.5800000000e+02 6.9040290000e-01 -6.5884800000e-01 
5.5900000000e+02 7.3950500000e-01 -4.9668350000e-01 
5.6000000000e+02 -7.8346230000e-02 6.6384770000e-01 
5.6100000000e+02 -8.2598600000e-02 6.1336520000e-01 
5.6200000000e+02 -9.4294880000e-02 5.6622120000e-01 
5.6300000000e+02 -1.1359900000e-01 5.0286270000e-01 
5.6400000000e+02 -1.0245790000e-02 3.1661670000e-01 
5.6500000000e+02 -1.6518610000e-01 5.1396980000e-01 
5.6600000000e+02 -2.1713070000e-01 3.8235330000e-01 
5.6700000000e+02 -1.4239710000e-01 1.7735870000e-01 
5.6800000000e+02 4.1613310000e-02 2.8039180000e-01 
5.6900000000e+02 -2.1926390000e-01 5.6486200000e-01 
5.7000000000e+02 -7.5710560000e-01 1.2065820000e-01 
5.7100000000e+02 -5.1872260000e-01 -5.9262160000e-01 
5.7200000000e+02 -2.2561560000e-02 -7.5401520000e-01 
5.7300000000e+02 3.3146420000e-01 -7.3782490000e-01 
5.7400000000e+02 6.0736540000e-01 -5.4748050000e-01 
5.7500000000e+02 6.4067740000e-01 -3.4838040000e-01 
5.7600000000e+02 6.1710020000e-01 -2.9068780000e-01 
5.7700000000e+02 6.7134110000e-01 -3.1330220000e-01 
5.7800000000e+02 6.9969040000e-01 -1.8660680000e-01 
5.7900000000e+02 7.2509930000e-01 -1.7464730000e-01 
5.8000000000e+02 7.9780150000e-01 -1.0409240000e-01 
5.8100000000e+02 7.8803550000e-01 1.0744840000e-01 
5.8200000000e+02 6.0504090000e-01 1.5547730000e-01 
5.8300000000e+02 5.5562730000e-01 1.7229620000e-01 
5.8400000000e+02 4.8284240000e-01 2.8715560000e-01 
5.8500000000e+02 2.4548970000e-01 4.7942270000e-01 
5.8600000000e+02 -3.9343700000e-01 4.8514770000e-01 
5.8700000000e+02 -8.1467190000e-01 -4.0981280000e-01 
5.8800000000e+02 -2.5693740000e-01 -8.9375270000e-01 
5.8900000000e+02 2.1496210000e-02 -9.0587450000e-01 
5.9000000000e+02 1.6439720000e-01 -9.6722720000e-01 
5.9100000000e+02 4.9665640000e-01 -1.0180720000e+00 
5.9200000000e+02 6.0573000000e-01 -7.9724330000e-01 
5.9300000000e+02 6.5540960000e-01 -7.0907160000e-01 
5.9400000000e+02 6.1389350000e-01 -6.1253030000e-01 
5.9500000000e+02 6.8564820000e-01 -6.2518680000e-01 
5.9600000000e+02 7.8816860000e-01 -5.6130560000e-01 
5.9700000000e+02 8.8211490000e-01 -4.2031010000e-01 
5.9800000000e+02 8.9980620000e-01 -2.1787650000e-01 
5.9900000000e+02 8.2431480000e-01 -2.8781830000e-02 
6.0000000000e+02 -2.7763660000e-02 6.2469120000e-01 
6.0100000000e+02 -2.7022670000e-02 5.8281170000e-01 
6.0200000000e+02 -3.8574120000e-02 5.4125030000e-01 
6.0300000000e+02 -5.9246010000e-02 4.7663380000e-01 
6.0400000000e+02 1.3872060000e-01 2.8553010000e-01 
6.0500000000e+02 -1.2963630000e-01 5.0909750000e-01 
6.0600000000e+02 -2.1377480000e-01 3.2259080000e-01 
6.0700000000e+02 -5.7809730000e-02 1.5754430000e-01 
6.0800000000e+02 2.1561600000e-02 2.6046590000e-01 
6.0900000000e+02 -3.4400420000e-01 4.3879410000e-01 
6.1000000000e+02 -6.8370610000e-01 -3.0352200000e-01 
6.1100000000e+02 -1.0711120000e-01 -8.2064880000e-01 
6.1200000000e+02 3.9699480000e-01 -8.0559210000e-01 
6.1300000000e+02 7.2833550000e-01 -5.7314200000e-01 
6.1400000000e+02 7.6557050000e-01 -3.0162340000e-01 
6.1500000000e+02 6.7671310000e-01 -2.2610400000e-01 
6.1600000000e+02 6.5284660000e-01 -3.5842480000e-01 
6.1700000000e+02 8.8802550000e-01 -1.0676760000e-01 
6.1800000000e+02 8.2244950000e-01 -9.7034820000e-02 
6.1900000000e+02 8.5133200000e-01 2.8269890000e-02 
6.2000000000e+02 6.8247820000e-01 5.0521840000e-02 
6.2100000000e+02 6.7706110000e-01 2.6091280000e-02 
6.2200000000e+02 6.7207190000e-01 7.5331990000e-02 
6.2300000000e+02 6.2654680000e-01 1.8286220000e-01 
6.2400000000e+02 4.6593280000e-01 3.6956620000e-01 
6.2500000000e+02 -9.9627240000e-02 5.2995820000e-01 
6.2600000000e+02 -7.3662320000e-01 -4.3165870000e-01 
6.2700000000e+02 -2.6208980000e-03 -9.6639790000e-01 
6.2800000000e+02 3.3013030000e-01 -8.8467560000e-01 
6.2900000000e+02 4.8363370000e-01 -8.4300330000e-01 
6.3000000000e+02 6.8595490000e-01 -8.2443070000e-01 
6.3100000000e+02 8.0286190000e-01 -6.1902160000e-01 
6.3200000000e+02 8.1953890000e-01 -5.0005260000e-01 
6.3300000000e+02 7.9349390000e-01 -3.3110970000e-01 
6.3400000000e+02 7.5610290000e-01 -3.7800170000e-01 
6.3500000000e+02 8.4356040000e-01 -2.8999450000e-01 
6.3600000000e+02 8.8627040000e-01 -1.2120760000e-01 
6.3700000000e+02 8.4799500000e-01 9.4679270000e-02 
6.3800000000e+02 7.1837630000e-01 3.0717700000e-01 
6.3900000000e+02 5.1340050000e-01 5.0739850000e-01 
6.4000000000e+02 3.8792110000e-02 6.0555630000e-01 
6.4100000000e+02 3.6809690000e-02 5.7758100000e-01 
6.4200000000e+02 1.6373580000e-02 5.4221620000e-01 
6.4300000000e+02 -1.1879950000e-02 4.7049900000e-01 
6.4400000000e+02 3.1742350000e-01 3.3741390000e-01 
6.4500000000e+02 -1.2245040000e-01 4.9810610000e-01 
6.4600000000e+02 -1.7212940000e-01 2.4443490000e-01 
6.4700000000e+02 -1.5572760000e-02 1.5697720000e-01 
6.4800000000e+02 2.4237330000e-02 1.8172180000e-01 
6.4900000000e+02 -4.2252070000e-01 1.7352280000e-01 
6.5000000000e+02 -2.2418430000e-01 -6.2992840000e-01 
6.5100000000e+02 3.1324530000e-01 -7.4330140000e-01 
6.5200000000e+02 7.3055030000e-01 -5.6021390000e-01 
6.5300000000e+02 7.9805420000e-01 -2.5853500000e-01 
6.5400000000e+02 6.7111890000e-01 -1.6994630000e-01 
6.5500000000e+02 5.6532010000e-01 -3.3604760000e-01 
6.5600000000e+02 1.1311010000e+00 -2.3884240000e-01 
6.5700000000e+02 9.8862310000e-01 -1.3196910000e-01 
6.5800000000e+02 8.7857850000e-01 7.3869660000e-02 
6.5900000000e+02 8.2223110000e-01 -2.9311590000e-02 
6.6000000000e+02 8.4763550000e-01 -2.4668310000e-02 
6.6100000000e+02 8.5588740000e-01 2.6454220000e-02 
6.6200000000e+02 8.2989240000e-01 1.1817890000e-01 
6.6300000000e+02 7.2207150000e-01 2.6733790000e-01 
6.6400000000e+02 3.2465920000e-01 4.3723280000e-01 
6.6500000000e+02 -2.7753200000e-01 -3.0793090000e-01 
6.6600000000e+02 3.6998670000e-01 -6.9336030000e-01 
6.6700000000e+02 5.9722020000e-01 -6.3938800000e-01 
6.6800000000e+02 7.5593000000e-01 -5.5327790000e-01 
6.6900000000e+02 8.5083670000e-01 -4.6581780000e-01 
6.7000000000e+02 9.2546290000e-01 -2.9532290000e-01 
6.7100000000e+02 8.8832250000e-01 -1.4045130000e-01 
6.7200000000e+02 8.1865630000e-01 2.5854330000e-02 
6.7300000000e+02 5.8233360000e-01 7.8514520000e-02 
6.7400000000e+02 5.8074310000e-01 6.7346860000e-02 
6.7500000000e+02 5.0426140000e-01 2.0042260000e-01 
6.7600000000e+02 3.0049790000e-01 3.3389040000e-01 
6.7700000000e+02 -2.3907630000e-02 3.5871560000e-01 
6.7800000000e+02 -3.4366880000e-01 2.1004050000e-01 
6.7900000000e+02 -6.0210220000e-01 -2.6724020000e-02 
6.8000000000e+02 1.0581150000e-01 6.1880240000e-01 
6.8100000000e+02 8.7304150000e-02 5.9943540000e-01 
6.8200000000e+02 5.1746640000e-02 5.5755010000e-01 
6.8300000000e+02 2.0731550000e-02 4.6438940000e-01 
6.8400000000e+02 4.5118970000e-01 5.0930410000e-01 
6.8500000000e+02 -1.0979890000e-01 4.7342400000e-01 
6.8600000000e+02 -1.0019580000e-01 1.8204310000e-01 
6.8700000000e+02 1.7921500000e-02 1.1881320000e-01 
6.8800000000e+02 9.8967980000e-02 8.0217780000e-02 
6.8900000000e+02 -1.6106600000e-01 -1.8476400000e-01 
6.9000000000e+02 2.2587860000e-01 -4.6017180000e-01 
6.9100000000e+02 5.9490320000e-01 -4.8521590000e-01 
6.9200000000e+02 7.5983490000e-01 -2.2359360000e-01 
6.9300000000e+02 6.4272780000e-01 -1.3083410000e-01 
6.9400000000e+02 5.2347590000e-01 -3.2247210000e-01 
6.9500000000e+02 1.3978360000e+00 -7.5138550000e-01 
6.9600000000e+02 1.3156210000e+00 -1.5485280000e-01 
6.9700000000e+02 1.0765600000e+00 1.2025890000e-01 
6.9800000000e+02 1.0729630000e+00 8.0630750000e-02 
6.9900000000e+02 1.0853730000e+00 1.3306870000e-01 
7.0000000000e+02 1.0729830000e+00 2.1124520000e-01 
7.0100000000e+02 1.0286400000e+00 3.0745450000e-01 
7.0200000000e+02 9.2814550000e-01 4.3035870000e-01 
7.0300000000e+02 6.6496360000e-01 5.7214090000e-01 
7.0400000000e+02 1.2795430000e-01 2.5099140000e-01 
7.0500000000e+02 4.2788310000e-01 -1.7197390000e-01 
7.0600000000e+02 5.2226020000e-01 -2.7325410000e-01 
7.0700000000e+02 8.0524220000e-01 -1.8301570000e-01 
7.0800000000e+02 7.7131020000e-01 -1.3467750000e-02 
7.0900000000e+02 7.1366720000e-01 8.7315230000e-02 
7.1000000000e+02 5.7071420000e-01 1.8080970000e-01 
7.1100000000e+02 3.9342120000e-01 2.1758380000e-01 
7.1200000000e+02 8.7512610000e-02 2.3061910000e-01 
7.1300000000e+02 -1.5860730000e-01 -3.3151810000e-01 
7.1400000000e+02 1.7815020000e-01 -4.6101840000e-01 
7.1500000000e+02 2.5024920000e-01 -4.1405060000e-01 
7.1600000000e+02 2.2702410000e-01 -4.0414820000e-01 
7.1700000000e+02 1.7363780000e-01 -4.3338180000e-01 
7.1800000000e+02 5.6200710000e-02 -5.0990760000e-01 
7.1900000000e+02 -5.2473410000e-02 -8.5168860000e-01 
7.2000000000e+02 1.4767180000e-01 6.5361790000e-01 
7.2100000000e+02 1.1285920000e-01 6.2388200000e-01 
7.2200000000e+02 7.4429120000e-02 5.6258200000e-01 
7.2300000000e+02 6.2599300000e-02 4.4455690000e-01 
7.2400000000e+02 4.4603280000e-01 7.2589460000e-01 
7.2500000000e+02 -9.3996390000e-02 4.6785100000e-01 
7.2600000000e+02 2.1170960000e-02 1.2186020000e-01 
7.2700000000e+02 1.3106720000e-01 9.1019640000e-02 
7.2800000000e+02 2.8465880000e-01 3.9088260000e-02 
7.2900000000e+02 2.6482500000e-01 -2.0509200000e-02 
7.3000000000e+02 3.4826840000e-01 -1.4106950000e-01 
7.3100000000e+02 5.6989120000e-01 -1.6730780000e-01 
7.3200000000e+02 5.7237910000e-01 -9.4813970000e-02 
7.3300000000e+02 5.3099800000e-01 -2.9354810000e-01 
7.3400000000e+02 1.1723960000e+00 -9.1274560000e-01 
7.3500000000e+02 1.3820280000e+00 -4.0636790000e-02 
7.3600000000e+02 1.2192690000e+00 3.8176030000e-01 
7.3700000000e+02 1.0998990000e+00 3.7929850000e-01 
7.3800000000e+02 1.0448120000e+00 4.1916010000e-01 
7.3900000000e+02 9.9056510000e-01 4.6882380000e-01 
7.4000000000e+02 9.2495320000e-01 5.2741790000e-01 
7.4100000000e+02 8.2918350000e-01 6.0333620000e-01 
7.4200000000e+02 6.4149890000e-01 7.0171920000e-01 
7.4300000000e+02 2.0225510000e-01 6.1622600000e-01 
7.4400000000e+02 2.1274600000e-01 1.3373450000e-01 
7.4500000000e+02 2.2836990000e-01 -4.8624710000e-02 
7.4600000000e+02 6.9606010000e-01 -8.6779720000e-02 
7.4700000000e+02 5.6096530000e-01 1.1524200000e-01 
7.4800000000e+02 4.4187150000e-01 1.6680420000e-01 
7.4900000000e+02 3.0462770000e-01 7.6598030000e-02 
7.5000000000e+02 2.5157740000e-01 1.4775360000e-03 
7.5100000000e+02 1.4827680000e-01 -6.6997180000e-02 
7.5200000000e+02 1.2775760000e-02 -3.7688710000e-01 
7.5300000000e+02 4.2927150000e-01 -4.8897230000e-01 
7.5400000000e+02 3.8794910000e-01 -3.5639530000e-01 
7.5500000000e+02 4.2855980000e-01 -4.3711230000e-01 
7.5600000000e+02 5.2280490000e-01 -4.1365950000e-01 
7.5700000000e+02 4.7003070000e-01 -2.6109980000e-01 
7.5800000000e+02 2.2998600000e-01 -4.9730230000e-01 
7.5900000000e+02 4.8847530000e-01 -7.5952420000e-01 
7.6000000000e+02 1.6844160000e-01 6.7962750000e-01 
7.6100000000e+02 1.3691410000e-01 6.3494530000e-01 
7.6200000000e+02 1.1447870000e-01 5.6167560000e-01 
7.6300000000e+02 1.4404830000e-01 4.3959920000e-01 
7.6400000000e+02 3.5836120000e-01 8.9546060000e-01 
7.6500000000e+02 -1.4804670000e-01 4.4596700000e-01 
7.6600000000e+02 2.2918740000e-01 2.3132570000e-01 
7.6700000000e+02 2.0956760000e-01 2.4661270000e-01 
7.6800000000e+02 3.9873930000e-01 1.9515640000e-01 
7.6900000000e+02 2.3773060000e-01 2.8120780000e-01 
7.7000000000e+02 1.9625860000e-01 3.2956000000e-02 
7.7100000000e+02 3.7992390000e-01 -8.8546050000e-02 
7.7200000000e+02 4.8143200000e-01 -2.4570740000e-01 
7.7300000000e+02 9.6548010000e-01 -4.2043830000e-01 
7.7400000000e+02 9.4605200000e-01 4.2632970000e-02 
7.7500000000e+02 1.2418010000e+00 3.7150200000e-01 
7.7600000000e+02 9.5926390000e-01 4.7215300000e-01 
7.7700000000e+02 8.7064290000e-01 4.8089140000e-01 
7.7800000000e+02 8.1466340000e-01 5.0132770000e-01 
7.7900000000e+02 7.6039790000e-01 5.3587520000e-01 
7.8000000000e+02 6.8641360000e-01 5.9240120000e-01 
7.8100000000e+02 5.4257140000e-01 6.8051260000e-01 
7.8200000000e+02 1.7913260000e-01 6.9666820000e-01 
7.8300000000e+02 -9.4073870000e-02 2.4099940000e-01 
7.8400000000e+02 8.0221680000e-02 -2.2509500000e-01 
7.8500000000e+02 7.9716750000e-01 -3.5449240000e-01 
7.8600000000e+02 4.9689680000e-01 3.1392450000e-01 
7.8700000000e+02 2.2854040000e-01 9.9048740000e-02 
7.8800000000e+02 2.6270050000e-01 -1.4784840000e-02 
7.8900000000e+02 2.4169180000e-01 -5.4531230000e-02 
7.9000000000e+02 1.9194420000e-01 -1.0918990000e-01 
7.9100000000e+02 1.1999800000e-01 -2.2387580000e-01 
7.9200000000e+02 1.9136020000e-01 -3.9352290000e-01 
7.9300000000e+02 4.2557270000e-01 -5.5339980000e-01 
7.9400000000e+02 5.4841580000e-01 -4.7562130000e-01 
7.9500000000e+02 7.4144160000e-01 -3.6636470000e-01 
7.9600000000e+02 5.8234750000e-01 1.0645720000e-01 
7.9700000000e+02 1.2429050000e-01 -3.0178290000e-01 
7.9800000000e+02 4.8723760000e-01 -6.4262280000e-01 
7.9900000000e+02 8.5429080000e-01 -3.8477050000e-01 
8.0000000000e+02 1.9928430000e-01 6.9857380000e-01 
8.0100000000e+02 1.8146380000e-01 6.5981500000e-01 
8.0200000000e+02 1.7716760000e-01 6.0163090000e-01 
8.0300000000e+02 2.3971070000e-01 5.3204820000e-01 
8.0400000000e+02 1.5403220000e-01 1.0818020000e+00 
8.0500000000e+02 -6.1973030000e-02 2.6132420000e-01 
8.0600000000e+02 1.7074150000e-01 4.7241110000e-01 
8.0700000000e+02 3.6956260000e-02 3.3951340000e-01 
8.0800000000e+02 3.6586470000e-01 2.9106080000e-01 
8.0900000000e+02 4.6460460000e-02 3.4811790000e-01 
8.1000000000e+02 3.4432280000e-02 -2.6019220000e-02 
8.1100000000e+02 3.0419070000e-01 -2.5103190000e-01 
8.1200000000e+02 7.4916680000e-01 -2.0577510000e-01 
8.1300000000e+02 5.7021790000e-01 -1.4512050000e-03 
8.1400000000e+02 9.0788150000e-01 -1.6754040000e-01 
8.1500000000e+02 9.4441990000e-01 3.3257260000e-01 
8.1600000000e+02 7.8692880000e-01 3.7220570000e-01 
8.1700000000e+02 7.2990490000e-01 3.7989550000e-01 
8.1800000000e+02 7.0107340000e-01 4.0562960000e-01 
8.1900000000e+02 6.7377630000e-01 4.7979160000e-01 
8.2000000000e+02 5.4479420000e-01 6.8194320000e-01 
8.2100000000e+02 -7.4541660000e-02 6.2879680000e-01 
8.2200000000e+02 -1.6906430000e-01 -5.1416830000e-02 
8.2300000000e+02 1.8919650000e-01 -3.5812000000e-01 
8.2400000000e+02 6.6248460000e-01 -3.9400200000e-01 
8.2500000000e+02 5.5050030000e-01 4.3921150000e-01 
8.2600000000e+02 3.2772700000e-01 -2.1096910000e-02 
8.2700000000e+02 3.0851120000e-01 -3.7134350000e-02 
8.2800000000e+02 2.6015720000e-01 -8.1789170000e-02 
8.2900000000e+02 2.1389560000e-01 -1.3843420000e-01 
8.3000000000e+02 1.6538310000e-01 -1.9358220000e-01 
8.3100000000e+02 -1.0368520000e-01 -6.2279370000e-01 
8.3200000000e+02 5.5342540000e-01 -7.0429160000e-01 
8.3300000000e+02 6.7804730000e-01 -4.8894080000e-01 
8.3400000000e+02 9.1989310000e-01 -2.6913080000e-01 
8.3500000000e+02 5.2158820000e-01 3.8625080000e-01 
8.3600000000e+02 -3.9589640000e-02 -2.3329700000e-01 
8.3700000000e+02 5.0168690000e-01 -5.9053070000e-01 
8.3800000000e+02 6.1985310000e-01 -8.8909680000e-02 
8.3900000000e+02 5.7958040000e-01 -3.1430810000e-01 
8.4000000000e+02 2.4275390000e-01 7.5339450000e-01 
8.4100000000e+02 2.0900930000e-01 7.4754610000e-01 
8.4200000000e+02 1.7251510000e-01 7.1987070000e-01 
8.4300000000e+02 1.4786540000e-01 6.8557800000e-01 
8.4400000000e+02 -2.0570710000e-01 9.8845030000e-01 
8.4500000000e+02 1.2454480000e-01 3.8541240000e-01 
8.4600000000e+02 -2.1546230000e-02 5.2090130000e-01 
8.4700000000e+02 -1.3680150000e-01 2.1830890000e-01 
8.4800000000e+02 3.2034270000e-01 3.1206370000e-01 
8.4900000000e+02 -8.3917640000e-02 2.2890470000e-01 
8.5000000000e+02 3.2097370000e-02 -2.3116330000e-01 
8.5100000000e+02 5.3130900000e-01 -2.5989300000e-01 
8.5200000000e+02 2.6707720000e-01 -1.2413310000e-01 
8.5300000000e+02 5.0255740000e-01 -2.3658350000e-01 
8.5400000000e+02 9.9369660000e-01 -2.5803650000e-01 
8.5500000000e+02 9.1267150000e-01 1.3273040000e-01 
8.5600000000e+02 8.6216660000e-01 1.8276080000e-01 
8.5700000000e+02 9.0038910000e-01 2.8381990000e-01 
8.5800000000e+02 8.6018680000e-01 5.8669770000e-01 
8.5900000000e+02 2.3298600000e-01 8.1239480000e-01 
8.6000000000e+02 -1.8170230000e-01 1.6855220000e-01 
8.6100000000e+02 5.4284010000e-02 -3.6287530000e-01 
8.6200000000e+02 4.9930780000e-01 -4.9785500000e-01 
8.6300000000e+02 8.0811620000e-01 -2.6308510000e-01 
8.6400000000e+02 7.8606280000e-01 3.8212930000e-02 
8.6500000000e+02 4.2752440000e-01 4.0220100000e-02 
8.6600000000e+02 3.6802560000e-01 -5.0685280000e-02 
8.6700000000e+02 3.2839340000e-01 -1.2449490000e-01 
8.6800000000e+02 2.9648800000e-01 -1.8680350000e-01 
8.6900000000e+02 2.1563320000e-01 -1.2783130000e-01 
8.7000000000e+02 2.7335470000e-01 -6.0627630000e-01 
8.7100000000e+02 6.4566610000e-01 -7.7017520000e-01 
8.7200000000e+02 9.1158860000e-01 -3.5686490000e-01 
8.7300000000e+02 9.6375910000e-01 1.1004470000e-02 
8.7400000000e+02 4.0781690000e-01 5.2334640000e-01 
8.7500000000e+02 -2.1528840000e-01 -2.1108510000e-01 
8.7600000000e+02 4.3034300000e-01 -4.4364040000e-01 
8.7700000000e+02 4.9830820000e-01 -2.1372950000e-01 
8.7800000000e+02 3.6421090000e-01 1.3790970000e-02 
8.7900000000e+02 3.1658310000e-02 -1.8562110000e-01 
8.8000000000e+02 2.2154430000e-01 8.6955340000e-01 
8.8100000000e+02 1.0764520000e-01 8.3869050000e-01 
8.8200000000e+02 3.2752730000e-02 7.3992820000e-01 
8.8300000000e+02 1.1644160000e-02 6.0749260000e-01 
8.8400000000e+02 -3.1214980000e-01 6.9856360000e-01 
8.8500000000e+02 5.6949220000e-02 5.2708150000e-01 
8.8600000000e+02 -1.7300550000e-01 4.2372020000e-01 
8.8700000000e+02 -1.8727900000e-01 -3.9507470000e-02 
8.8800000000e+02 3.4623940000e-01 2.6343500000e-01 
8.8900000000e+02 -3.5462680000e-03 1.0014980000e-01 
8.9000000000e+02 2.4492020000e-01 -2.8706940000e-01 
8.9100000000e+02 1.9266830000e-02 2.1267160000e-01 
8.9200000000e+02 4.8273430000e-01 -3.4342630000e-01 
8.9300000000e+02 6.4727280000e-01 -5.0604080000e-01 
8.9400000000e+02 1.3547790000e+00 -2.0848110000e-01 
8.9500000000e+02 1.1804050000e+00 2.4676980000e-01 
8.9600000000e+02 1.0357100000e+00 4.8497450000e-01 
8.9700000000e+02 7.1241770000e-01 7.4974970000e-01 
8.9800000000e+02 -5.0293950000e-02 5.8518110000e-01 
8.9900000000e+02 9.1995720000e-02 -3.7767730000e-01 
9.0000000000e+02 5.6520810000e-01 -3.7343420000e-01 
9.0100000000e+02 7.9224620000e-01 -3.0181930000e-01 
9.0200000000e+02 8.5845940000e-01 -5.4803500000e-02 
9.0300000000e+02 6.7709100000e-01 2.5049100000e-02 
9.0400000000e+02 5.2257390000e-01 9.1076640000e-02 
9.0500000000e+02 5.3151340000e-01 -1.3763880000e-01 
9.0600000000e+02 5.6522030000e-01 -1.7990510000e-01 
9.0700000000e+02 5.7738370000e-01 -1.7628490000e-01 
9.0800000000e+02 5.1022940000e-01 -4.3613970000e-01 
9.0900000000e+02 6.4599810000e-01 -3.6234970000e-01 
9.1000000000e+02 8.0437450000e-01 -3.1628870000e-01 
9.1100000000e+02 9.1661510000e-01 -1.1704730000e-02 
9.1200000000e+02 7.2570340000e-01 3.0108990000e-01 
9.1300000000e+02 1.7752600000e-01 5.2875880000e-01 
9.1400000000e+02 -1.7173710000e-01 -1.2450760000e-01 
9.1500000000e+02 1.7422220000e-01 -4.2019730000e-01 
9.1600000000e+02 1.7389320000e-01 -1.7751730000e-01 
9.1700000000e+02 1.8421260000e-01 -5.3594370000e-01 
9.1800000000e+02 2.9733980000e-01 -4.5333740000e-01 
9.1900000000e+02 3.3108470000e-01 -4.9423840000e-01 
9.2000000000e+02 6.8404990000e-02 9.0799470000e-01 
9.2100000000e+02 -1.3047530000e-02 7.5627760000e-01 
9.2200000000e+02 -8.1331660000e-04 6.3521030000e-01 
9.2300000000e+02 2.5537170000e-02 5.0379790000e-01 
9.2400000000e+02 -1.9548310000e-01 4.8661000000e-01 
9.2500000000e+02 -6.9138910000e-02 5.1763390000e-01 
9.2600000000e+02 -2.0550610000e-01 2.2988100000e-01 
9.2700000000e+02 2.8908960000e-02 -3.1111390000e-01 
9.2800000000e+02 5.0696720000e-01 3.9416130000e-01 
9.2900000000e+02 -6.6424160000e-03 1.6829260000e-01 
9.3000000000e+02 4.2655740000e-01 2.3124350000e-02 
9.3100000000e+02 5.4026850000e-01 -4.2592980000e-01 
9.3200000000e+02 6.8090740000e-01 -2.5078780000e-01 
9.3300000000e+02 9.1331570000e-01 -3.9087870000e-01 
9.3400000000e+02 1.3020080000e+00 2.0952770000e-01 
9.3500000000e+02 9.9067490000e-01 5.0850060000e-01 
9.3600000000e+02 6.4515000000e-01 6.7812000000e-01 
9.3700000000e+02 -1.8676730000e-01 3.1096160000e-01 
9.3800000000e+02 6.8723390000e-01 -4.4698930000e-01 
9.3900000000e+02 7.9903390000e-01 -9.2319760000e-02 
9.4000000000e+02 7.9694080000e-01 -8.9435610000e-02 
9.4100000000e+02 7.9509030000e-01 -1.8257310000e-03 
9.4200000000e+02 7.1059920000e-01 -9.8199100000e-02 
9.4300000000e+02 8.4045860000e-01 -1.6755750000e-01 
9.4400000000e+02 9.5992350000e-01 -4.7914970000e-02 
9.4500000000e+02 9.2405000000e-01 7.0493880000e-02 
9.4600000000e+02 8.7462530000e-01 2.3412400000e-01 
9.4700000000e+02 7.2026860000e-01 1.0185750000e-01 
9.4800000000e+02 6.8143350000e-01 1.1730500000e-01 
9.4900000000e+02 6.4513070000e-01 1.6312930000e-01 
9.5000000000e+02 5.6936310000e-01 2.5231470000e-01 
9.5100000000e+02 3.1593480000e-01 4.3274850000e-01 
9.5200000000e+02 2.7699060000e-01 3.3430000000e-01 
9.5300000000e+02 -4.6556450000e-01 1.3794570000e-01 
9.5400000000e+02 -2.0505760000e-01 -5.5335110000e-01 
9.5500000000e+02 3.5535550000e-01 -4.5957980000e-01 
9.5600000000e+02 1.6182710000e-01 -5.0343520000e-01 
9.5700000000e+02 2.3386090000e-01 -5.5826960000e-01 
9.5800000000e+02 3.0270750000e-01 -5.4661770000e-01 
9.5900000000e+02 2.5495520000e-01 -5.1986390000e-01 
9.6000000000e+02 -1.7422630000e-02 7.8038610000e-01 
9.6100000000e+02 2.0182360000e-02 6.4691300000e-01 
9.6200000000e+02 4.9601600000e-02 5.9570220000e-01 
9.6300000000e+02 7.9989360000e-02 4.5236230000e-01 
9.6400000000e+02 -4.2035580000e-02 4.9346220000e-01 
9.6500000000e+02 -1.1563660000e-01 3.9595760000e-01 
9.6600000000e+02 -1.9991640000e-02 1.1689360000e-01 
9.6700000000e+02 3.3501290000e-01 -2.3270070000e-01 
9.6800000000e+02 3.6408450000e-01 6.4969890000e-01 
9.6900000000e+02 -6.7176410000e-02 8.3626340000e-02 
9.7000000000e+02 2.7195970000e-01 -5.6711520000e-01 
9.7100000000e+02 5.1218020000e-01 -1.2523350000e-01 
9.7200000000e+02 5.7996300000e-01 -1.4539560000e-01 
9.7300000000e+02 8.9048530000e-01 -2.9785220000e-01 
9.7400000000e+02 1.0812940000e+00 3.0902520000e-01 
9.7500000000e+02 7.0854210000e-01 5.4124180000e-01 
9.7600000000e+02 -1.3201460000e-01 1.3248760000e-01 
9.7700000000e+02 9.3720620000e-01 -2.3376900000e-01 
9.7800000000e+02 8.4113800000e-01 6.7352350000e-02 
9.7900000000e+02 7.5251200000e-01 4.9908090000e-04 
9.8000000000e+02 8.1608840000e-01 -1.0471950000e-01 
9.8100000000e+02 1.0310270000e+00 -4.9685680000e-02 
9.8200000000e+02 1.0456200000e+00 1.2706380000e-01 
9.8300000000e+02 9.9126520000e-01 5.1347660000e-02 
9.8400000000e+02 9.3857500000e-01 3.9690790000e-01 
9.8500000000e+02 7.1195850000e-01 4.0215840000e-01 
9.8600000000e+02 6.2905670000e-01 3.9823800000e-01 
9.8700000000e+02 5.3504800000e-01 3.9871880000e-01 
9.8800000000e+02 4.1239300000e-01 4.5091490000e-01 
9.8900000000e+02 -4.0857400000e-02 4.1579040000e-01 
9.9000000000e+02 5.1600200000e-02 3.2010900000e-01 
9.9100000000e+02 -6.3469510000e-02 3.0296910000e-01 
9.9200000000e+02 -5.9064450000e-01 -7.8324180000e-02 
9.9300000000e+02 -3.1223740000e-01 -9.0154750000e-01 
9.9400000000e+02 -1.0991510000e-01 -6.9927610000e-01 
9.9500000000e+02 1.7484330000e-01 -8.2460400000e-01 
9.9600000000e+02 3.7463570000e-01 -7.7672710000e-01 
9.9700000000e+02 4.5406470000e-01 -6.1767030000e-01 
9.9800000000e+02 8.3472910000e-02 -8.6383040000e-01 
9.9900000000e+02 8.6081290000e-01 -1.0541860000e+00 
1.0000000000e+03 4.3230540000e-02 6.7741960000e-01 
1.0010000000e+03 9.9106840000e-02 6.3601650000e-01 
1.0020000000e+03 7.9853330000e-02 6.1631240000e-01 
1.0030000000e+03 1.4484700000e-01 4.2441960000e-01 
1.0040000000e+03 -4.7221960000e-02 5.5177690000e-01 
1.0050000000e+03 8.6471550000e-03 3.1273510000e-01 
1.0060000000e+03 6.8759260000e-02 2.7490910000e-01 
1.0070000000e+03 3.8087840000e-01 -1.1739480000e-01 
1.0080000000e+03 1.2198210000e-01 6.8910560000e-01 
1.0090000000e+03 -7.3679540000e-02 2.4406390000e-01 
1.0100000000e+03 2.0000840000e-01 3.7503930000e-02 
1.0110000000e+03 3.7786410000e-01 -1.5143640000e-01 
1.0120000000e+03 4.9002690000e-01 -1.8784570000e-01 
1.0130000000e+03 8.7247870000e-01 -2.9780130000e-01 
1.0140000000e+03 8.8830430000e-01 3.0519360000e-01 
1.0150000000e+03 1.3798640000e-01 1.6935260000e-01 
1.0160000000e+03 1.0019240000e+00 -1.3535150000e-01 
1.0170000000e+03 8.6829270000e-01 9.6731480000e-02 
1.0180000000e+03 8.4754170000e-01 -1.1255940000e-02 
1.0190000000e+03 9.6221300000e-01 1.4421130000e-01 
1.0200000000e+03 9.6571910000e-01 1.8244120000e-01 
1.0210000000e+03 9.4523300000e-01 2.8254550000e-01 
1.0220000000e+03 8.5400940000e-01 3.4651880000e-01 
1.0230000000e+03 9.2937040000e-01 5.3169290000e-01 
1.0240000000e+03 6.8884470000e-01 5.0101060000e-01 
1.0250000000e+03 5.7153620000e-01 5.2476160000e-01 
1.0260000000e+03 4.3356630000e-01 6.0527110000e-01 
1.0270000000e+03 -1.7549280000e-01 7.3718340000e-01 
1.0280000000e+03 2.3158200000e-01 8.0258940000e-02 
1.0290000000e+03 -2.3259840000e-01 4.5187560000e-01 
1.0300000000e+03 -2.3231870000e-01 -2.9679170000e-01 
1.0310000000e+03 -4.1042170000e-01 -2.9054300000e-01 
1.0320000000e+03 -1.4800700000e-01 -5.9196010000e-01 
1.0330000000e+03 -1.2047840000e-01 -1.1120490000e+00 
1.0340000000e+03 3.4219740000e-01 -1.0006830000e+00 
1.0350000000e+03 5.4452760000e-01 -8.4413550000e-01 
1.0360000000e+03 5.8833840000e-01 -5.9685660000e-01 
1.0370000000e+03 5.3664520000e-01 -9.3446470000e-01 
1.0380000000e+03 8.1244060000e-01 -7.9297200000e-01 
1.0390000000e+03 1.0399640000e+00 -4.4473200000e-01 
1.0400000000e+03 1.3051500000e-01 6.7523250000e-01 
1.0410000000e+03 1.3620110000e-01 6.8434490000e-01 
1.0420000000e+03 6.8018520000e-02 6.4969210000e-01 
1.0430000000e+03 2.4266610000e-01 4.1863760000e-01 
1.0440000000e+03 -8.5183240000e-02 5.1892250000e-01 
1.0450000000e+03 8.5442910000e-02 4.3930790000e-01 
1.0460000000e+03 -4.0842760000e-02 3.4952390000e-01 
1.0470000000e+03 4.3480460000e-01 -1.0360590000e-01 
1.0480000000e+03 -7.5835140000e-02 6.2661780000e-01 
1.0490000000e+03 4.5454140000e-01 -5.6277360000e-01 
1.0500000000e+03 3.3542510000e-04 -1.2880420000e-01 
1.0510000000e+03 3.2440770000e-01 -2.2749370000e-01 
1.0520000000e+03 4.4033380000e-01 -2.6835670000e-01 
1.0530000000e+03 8.5711950000e-01 -3.2011190000e-01 
1.0540000000e+03 5.7986540000e-01 1.2351790000e-01 
1.0550000000e+03 1.0612780000e+00 -1.5647060000e-01 
1.0560000000e+03 9.3495310000e-01 4.7369760000e-02 
1.0570000000e+03 1.2168230000e+00 1.5945210000e-01 
1.0580000000e+03 7.3976110000e-01 3.5304260000e-01 
1.0590000000e+03 8.0593040000e-01 2.1386550000e-01 
1.0600000000e+03 8.3699800000e-01 2.8416110000e-01 
1.0610000000e+03 7.7541020000e-01 3.5419510000e-01 
1.0620000000e+03 7.5581960000e-01 4.5180520000e-01 
1.0630000000e+03 7.4228670000e-01 4.7990350000e-01 
1.0640000000e+03 5.6579720000e-01 5.8879590000e-01 
1.0650000000e+03 1.8510980000e-01 8.8507790000e-01 
1.0660000000e+03 -5.9653090000e-02 3.1890060000e-02 
1.0670000000e+03 1.4671760000e-01 1.8607910000e-01 
1.0680000000e+03 -3.2182980000e-01 4.1742870000e-01 
1.0690000000e+03 -3.2174810000e-01 -6.6168770000e-01 
1.0700000000e+03 -7.3811000000e-02 -1.3282850000e-01 
1.0710000000e+03 -1.9379630000e-01 -3.8498920000e-01 
1.0720000000e+03 -2.2369270000e-01 -1.2955420000e+00 
1.0730000000e+03 4.3803350000e-01 -1.0883190000e+00 
1.0740000000e+03 6.3627020000e-01 -8.6504650000e-01 
1.0750000000e+03 6.8901760000e-01 -5.7122790000e-01 
1.0760000000e+03 6.7000650000e-01 -7.9694920000e-01 
1.0770000000e+03 8.2199330000e-01 -6.5856950000e-01 
1.0780000000e+03 9.0738960000e-01 -5.4639520000e-01 
1.0790000000e+03 9.0454430000e-01 -3.1151620000e-01 
1.0800000000e+03 1.7287530000e-01 7.2847040000e-01 
1.0810000000e+03 1.2357000000e-01 7.3977580000e-01 
1.0820000000e+03 2.1212970000e-02 6.6861570000e-01 
1.0830000000e+03 3.7648250000e-01 5.0263260000e-01 
1.0840000000e+03 -5.6187560000e-02 4.6873940000e-01 
1.0850000000e+03 -6.0347650000e-03 5.2104750000e-01 
1.0860000000e+03 -1.4538740000e-01 3.1600700000e-01 
1.0870000000e+03 5.5317560000e-01 -5.6474110000e-02 
1.0880000000e+03 -2.7994870000e-01 5.3028510000e-01 
1.0890000000e+03 1.1222590000e-01 5.9368480000e-01 
1.0900000000e+03 -2.9733320000e-02 -2.8337700000e-01 
1.0910000000e+03 3.0054400000e-01 -3.1582330000e-01 
1.0920000000e+03 4.1498430000e-01 -3.7761650000e-01 
1.0930000000e+03 8.1251140000e-01 -4.1326220000e-01 
1.0940000000e+03 1.1740890000e+00 -3.2704100000e-01 
1.0950000000e+03 1.0838400000e+00 -1.0940180000e-02 
1.0960000000e+03 1.1601870000e+00 4.4940810000e-01 
1.0970000000e+03 6.8104610000e-01 4.6098030000e-01 
1.0980000000e+03 6.5472500000e-01 2.2384230000e-01 
1.0990000000e+03 7.3675060000e-01 2.3940120000e-01 
1.1000000000e+03 6.9557360000e-01 3.0529040000e-01 
1.1010000000e+03 7.0591540000e-01 3.8399740000e-01 
1.1020000000e+03 5.4926920000e-01 3.9738070000e-01 
1.1030000000e+03 6.1941930000e-01 6.1899700000e-01 
1.1040000000e+03 -1.7388350000e-01 3.3958390000e-01 
1.1050000000e+03 1.4027120000e-01 1.3920120000e-01 
1.1060000000e+03 1.0179060000e-01 1.9674950000e-01 
1.1070000000e+03 -2.6442150000e-01 2.5727320000e-01 
1.1080000000e+03 -2.6615070000e-01 -5.9090810000e-01 
1.1090000000e+03 2.8482260000e-01 -2.9811750000e-01 
1.1100000000e+03 -2.8388550000e-01 -3.0369610000e-01 
1.1110000000e+03 -3.7674140000e-01 -1.1539640000e+00 
1.1120000000e+03 4.0746340000e-01 -1.1837600000e+00 
1.1130000000e+03 6.6377530000e-01 -8.9899680000e-01 
1.1140000000e+03 7.6634500000e-01 -5.9547580000e-01 
1.1150000000e+03 6.9286530000e-01 -7.3186890000e-01 
1.1160000000e+03 8.1280050000e-01 -5.9022360000e-01 
1.1170000000e+03 8.6848640000e-01 -4.6494440000e-01 
1.1180000000e+03 9.0448410000e-01 -3.3756030000e-01 
1.1190000000e+03 8.7942320000e-01 -9.6543350000e-02 
1.1200000000e+03 1.6614740000e-01 7.8802670000e-01 
1.1210000000e+03 7.7762640000e-02 7.7955900000e-01 
1.1220000000e+03 -5.2500050000e-02 6.5445100000e-01 
1.1230000000e+03 4.3606350000e-01 7.2094240000e-01 
1.1240000000e+03 -2.1418260000e-02 4.8970160000e-01 
1.1250000000e+03 -1.0641650000e-01 5.0852710000e-01 
1.1260000000e+03 -2.1531810000e-01 2.4208290000e-01 
1.1270000000e+03 6.6505240000e-01 1.1205930000e-01 
1.1280000000e+03 -3.7498700000e-01 5.4646610000e-04 
1.1290000000e+03 -3.4998910000e-01 3.1566770000e-01 
1.1300000000e+03 -2.3193340000e-02 -4.1786000000e-01 
1.1310000000e+03 2.9770940000e-01 -4.2874000000e-01 
1.1320000000e+03 4.3174430000e-01 -5.5111410000e-01 
1.1330000000e+03 1.1302340000e+00 -7.4505550000e-01 
1.1340000000e+03 1.2775560000e+00 -2.0973110000e-02 
1.1350000000e+03 1.0824830000e+00 4.1059650000e-01 
1.1360000000e+03 7.5466580000e-01 4.7994120000e-01 
1.1370000000e+03 5.4870390000e-01 3.0096120000e-01 
1.1380000000e+03 6.2391430000e-01 1.9164020000e-01 
1.1390000000e+03 6.1217210000e-01 2.3459280000e-01 
1.1400000000e+03 6.7979920000e-01 2.9542880000e-01 
1.1410000000e+03 5.4571610000e-01 3.4646830000e-01 
1.1420000000e+03 3.2716350000e-01 3.2123820000e-01 
1.1430000000e+03 1.7579480000e-01 2.0116630000e-01 
1.1440000000e+03 2.2481320000e-01 1.5819310000e-01 
1.1450000000e+03 1.3340560000e-01 1.7631710000e-01 
1.1460000000e+03 -1.5387690000e-01 1.4019700000e-01 
1.1470000000e+03 -1.4278830000e-01 -4.4434520000e-01 
1.1480000000e+03 1.6290680000e-01 -3.7217110000e-01 
1.1490000000e+03 -3.3207640000e-01 -1.2681980000e-01 
1.1500000000e+03 -4.4880260000e-01 -1.0240150000e+00 
1.1510000000e+03 2.1523720000e-01 -1.2014670000e+00 
1.1520000000e+03 6.3696610000e-01 -9.6880640000e-01 
1.1530000000e+03 7.8194810000e-01 -6.7218940000e-01 
1.1540000000e+03 6.7840080000e-01 -7.2626970000e-01 
1.1550000000e+03 7.9598360000e-01 -5.5586240000e-01 
1.1560000000e+03 8.2680620000e-01 -4.0229400000e-01 
1.1570000000e+03 7.9233350000e-01 -2.4535260000e-01 
1.1580000000e+03 6.9053190000e-01 -1.7628340000e-01 
1.1590000000e+03 2.5664950000e-01 -1.6756400000e-02 
1.1600000000e+03 1.2785600000e-01 8.3224700000e-01 
1.1610000000e+03 1.1047810000e-02 7.9820250000e-01 
1.1620000000e+03 -1.3628660000e-01 5.7652160000e-01 
1.1630000000e+03 2.9575510000e-01 1.0091250000e+00 
1.1640000000e+03 -5.3289500000e-02 5.1681740000e-01 
1.1650000000e+03 -1.8072740000e-01 4.5562770000e-01 
1.1660000000e+03 -2.6010180000e-01 1.5064420000e-01 
1.1670000000e+03 5.8498600000e-01 4.0750780000e-01 
1.1680000000e+03 -1.0766080000e-01 -2.2325980000e-01 
1.1690000000e+03 -4.7606240000e-01 4.8000300000e-02 
1.1700000000e+03 4.4550520000e-03 -5.6273120000e-01 
1.1710000000e+03 3.4856770000e-01 -5.9889020000e-01 
1.1720000000e+03 7.5814110000e-01 -8.0584760000e-01 
1.1730000000e+03 1.2151420000e+00 -2.3763100000e-01 
1.1740000000e+03 1.1334040000e+00 2.5741400000e-01 
1.1750000000e+03 8.5831790000e-01 4.0548230000e-01 
1.1760000000e+03 5.9195730000e-01 3.9534400000e-01 
1.1770000000e+03 5.0163720000e-01 1.9716540000e-01 
1.1780000000e+03 5.2718770000e-01 1.6330370000e-01 
1.1790000000e+03 6.6464840000e-01 1.7348420000e-01 
1.1800000000e+03 5.2125850000e-01 2.3510020000e-01 
1.1810000000e+03 3.6215320000e-01 2.5712410000e-01 
1.1820000000e+03 4.3781400000e-01 6.3825080000e-02 
1.1830000000e+03 2.9369520000e-01 1.2143600000e-01 
1.1840000000e+03 2.1514390000e-01 1.2178560000e-01 
1.1850000000e+03 -6.0415270000e-04 9.3992450000e-02 
1.1860000000e+03 -5.8151050000e-02 -3.5157210000e-01 
1.1870000000e+03 1.3359080000e-01 -2.6176320000e-01 
1.1880000000e+03 -8.1581210000e-02 5.5224500000e-02 
1.1890000000e+03 -5.5875700000e-01 -8.1947960000e-01 
1.1900000000e+03 1.2447980000e-01 -1.0715070000e+00 
1.1910000000e+03 5.1570230000e-01 -1.0575080000e+00 
1.1920000000e+03 7.4879960000e-01 -7.5478590000e-01 
1.1930000000e+03 6.1722430000e-01 -7.9848770000e-01 
1.1940000000e+03 7.7381370000e-01 -5.3878680000e-01 
1.1950000000e+03 7.3059780000e-01 -3.4598140000e-01 
1.1960000000e+03 5.7995260000e-01 -2.9280840000e-01 
1.1970000000e+03 5.6749560000e-01 -3.6494280000e-01 
1.1980000000e+03 6.8365350000e-01 -2.7385940000e-01 
1.1990000000e+03 5.3007250000e-01 -4.2728700000e-01 
1.2000000000e+03 7.2307450000e-02 8.5679760000e-01 
1.2010000000e+03 -7.1895260000e-02 7.9238610000e-01 
1.2020000000e+03 -1.5572140000e-01 4.0891720000e-01 
1.2030000000e+03 -1.4258700000e-01 1.1053370000e+00 
1.2040000000e+03 -1.0768130000e-01 5.0154510000e-01 
1.2050000000e+03 -2.3403180000e-01 3.8377600000e-01 
1.2060000000e+03 -2.8870340000e-01 4.5189060000e-02 
1.2070000000e+03 1.2642810000e-01 3.9286200000e-01 
1.2080000000e+03 6.4593940000e-01 -1.7907830000e-01 
1.2090000000e+03 -5.1291400000e-01 -1.9198290000e-01 
1.2100000000e+03 8.9832450000e-02 -7.5358180000e-01 
1.2110000000e+03 6.8543430000e-01 -7.6815800000e-01 
1.2120000000e+03 9.8374140000e-01 -1.6115800000e-01 
1.2130000000e+03 1.1704730000e+00 -2.7066050000e-01 
1.2140000000e+03 9.9966900000e-01 2.5496340000e-01 
1.2150000000e+03 7.3771620000e-01 3.7411280000e-01 
1.2160000000e+03 4.7470590000e-01 2.9446860000e-01 
1.2170000000e+03 4.3317520000e-01 1.2190150000e-01 
1.2180000000e+03 6.5317980000e-01 -2.0815150000e-02 
1.2190000000e+03 5.0540180000e-01 1.1233370000e-01 
1.2200000000e+03 5.5355640000e-01 7.7503500000e-02 
1.2210000000e+03 3.7794430000e-01 6.3493120000e-02 
1.2220000000e+03 4.0550480000e-01 8.0234130000e-02 
1.2230000000e+03 3.0370500000e-01 3.6793520000e-02 
1.2240000000e+03 1.7177490000e-01 4.1578550000e-02 
1.2250000000e+03 -1.6986530000e-02 -2.1976610000e-01 
1.2260000000e+03 1.9460310000e-01 -2.0040700000e-01 
1.2270000000e+03 -5.5032100000e-02 -9.3330190000e-02 
1.2280000000e+03 -5.2284630000e-01 -5.7937370000e-01 
1.2290000000e+03 1.2078030000e-01 -1.0464480000e+00 
1.2300000000e+03 3.4454370000e-01 -9.9979630000e-01 
1.2310000000e+03 6.8554200000e-01 -8.5211800000e-01 
1.2320000000e+03 -4.0004880000e-02 -7.2534020000e-01 
1.2330000000e+03 7.3545220000e-01 -5.3724140000e-01 
1.2340000000e+03 5.6472890000e-01 -4.1795250000e-01 
1.2350000000e+03 5.5441840000e-01 -4.8519470000e-01 
1.2360000000e+03 6.2685080000e-01 -4.5832370000e-01 
1.2370000000e+03 6.6695560000e-01 -3.5306600000e-01 
1.2380000000e+03 6.1721000000e-01 -3.1731240000e-01 
1.2390000000e+03 4.9004500000e-01 -5.3865650000e-01 
1.2400000000e+03 7.2768180000e-03 8.6219890000e-01 
1.2410000000e+03 -1.6828560000e-01 7.5376060000e-01 
1.2420000000e+03 -1.3050360000e-02 2.5973050000e-01 
1.2430000000e+03 -4.4773460000e-01 7.7489400000e-01 
1.2440000000e+03 -1.5506060000e-01 4.5560420000e-01 
1.2450000000e+03 -2.7140620000e-01 2.9746410000e-01 
1.2460000000e+03 -3.0877820000e-01 -8.3873030000e-02 
1.2470000000e+03 3.1836390000e-01 -2.8870310000e-02 
1.2480000000e+03 2.9533330000e-01 8.1662120000e-01 
1.2490000000e+03 -4.7802320000e-01 -4.4962110000e-01 
1.2500000000e+03 4.4679330000e-01 -8.9484980000e-01 
1.2510000000e+03 7.9832640000e-01 -3.3022380000e-01 
1.2520000000e+03 4.4389770000e-01 -2.6429110000e-01 
1.2530000000e+03 1.1630950000e+00 -2.2560870000e-01 
1.2540000000e+03 9.2031160000e-01 2.3918480000e-01 
1.2550000000e+03 6.2649750000e-01 3.3356450000e-01 
1.2560000000e+03 3.7297280000e-01 1.7733880000e-01 
1.2570000000e+03 3.7102990000e-01 -3.1318600000e-01 
1.2580000000e+03 5.1898310000e-01 -3.2448200000e-03 
1.2590000000e+03 6.4788510000e-01 -1.9658090000e-01 
1.2600000000e+03 4.1814740000e-01 2.8710580000e-02 
1.2610000000e+03 3.9818230000e-01 -6.0610310000e-02 
1.2620000000e+03 3.6165230000e-01 -6.1288070000e-02 
1.2630000000e+03 3.1576120000e-01 -4.9677590000e-02 
1.2640000000e+03 1.4255400000e-01 -1.0202910000e-01 
1.2650000000e+03 2.5123440000e-01 -2.2293550000e-01 
1.2660000000e+03 -4.9141260000e-02 -5.5624180000e-02 
1.2670000000e+03 -2.9503490000e-01 -4.1939800000e-01 
1.2680000000e+03 8.6328850000e-02 -1.0519660000e+00 
1.2690000000e+03 3.4340850000e-01 -8.9858080000e-01 
1.2700000000e+03 5.3182460000e-01 -8.9207970000e-01 
1.2710000000e+03 5.9485530000e-01 -3.5265750000e-01 
1.2720000000e+03 6.8113920000e-01 -6.3319470000e-01 
1.2730000000e+03 5.4715960000e-01 -5.7912400000e-01 
1.2740000000e+03 5.9773770000e-01 -5.6573040000e-01 
1.2750000000e+03 6.4932980000e-01 -4.9813610000e-01 
1.2760000000e+03 6.7590800000e-01 -3.8986610000e-01 
1.2770000000e+03 5.9814770000e-01 -2.8235690000e-01 
1.2780000000e+03 2.0826600000e-01 -3.6576630000e-01 
1.2790000000e+03 6.6002940000e-01 -3.7852170000e-01 
1.2800000000e+03 -6.3292510000e-02 8.4912430000e-01 
1.2810000000e+03 -2.6850750000e-01 6.6708810000e-01 
1.2820000000e+03 1.8094090000e-01 2.7171140000e-01 
1.2830000000e+03 -4.1746240000e-01 4.6220950000e-01 
1.2840000000e+03 -1.8976620000e-01 3.9026930000e-01 
1.2850000000e+03 -2.9347190000e-01 1.9379090000e-01 
1.2860000000e+03 -3.1671980000e-01 -2.8802390000e-01 
1.2870000000e+03 5.0064640000e-01 1.3484780000e-01 
1.2880000000e+03 -3.0226080000e-01 5.9445510000e-01 
1.2890000000e+03 -2.2675170000e-01 -6.8152690000e-01 
1.2900000000e+03 5.0937860000e-01 -5.2764440000e-01 
1.2910000000e+03 6.5521820000e-01 -3.1727480000e-01 
1.2920000000e+03 4.7931440000e-01 -5.1895950000e-01 
1.2930000000e+03 1.1477050000e+00 -1.9709670000e-01 
1.2940000000e+03 8.5138980000e-01 2.2118310000e-01 
1.2950000000e+03 5.0274310000e-01 2.7033170000e-01 
1.2960000000e+03 1.7582300000e-01 -5.8929750000e-03 
1.2970000000e+03 5.5746840000e-01 -1.3006060000e-01 
1.2980000000e+03 4.9758590000e-01 -2.5726260000e-01 
1.2990000000e+03 4.6523940000e-01 -1.2589940000e-02 
1.3000000000e+03 4.2914890000e-01 -1.3598970000e-01 
1.3010000000e+03 4.5310280000e-01 -1.5160720000e-01 
1.3020000000e+03 4.0048030000e-01 -1.8272250000e-01 
1.3030000000e+03 3.2912510000e-01 -1.3587110000e-01 
1.3040000000e+03 2.6079020000e-01 -2.4092500000e-01 
1.3050000000e+03 3.8343200000e-02 -4.2715010000e-02 
1.3060000000e+03 -1.0275740000e-02 -5.5134820000e-01 
1.3070000000e+03 5.4202430000e-02 -1.0334090000e+00 
1.3080000000e+03 4.1284960000e-01 -8.6135170000e-01 
1.3090000000e+03 4.9316370000e-01 -7.4410080000e-01 
1.3100000000e+03 5.0728820000e-01 -5.0535460000e-01 
1.3110000000e+03 5.5533970000e-01 -1.1938110000e+00 
1.3120000000e+03 6.0351180000e-01 -6.7078030000e-01 
1.3130000000e+03 6.1547530000e-01 -6.0239400000e-01 
1.3140000000e+03 6.4122970000e-01 -5.2389520000e-01 
1.3150000000e+03 6.5258810000e-01 -4.1700080000e-01 
1.3160000000e+03 6.0060980000e-01 -2.5986960000e-01 
1.3170000000e+03 4.2054230000e-01 -5.0664140000e-01 
1.3180000000e+03 5.1519080000e-01 -3.5817280000e-01 
1.3190000000e+03 5.8746470000e-01 -2.1858650000e-01 
1.3200000000e+03 -1.3623730000e-01 8.1731250000e-01 
1.3210000000e+03 -3.4569860000e-01 5.1867960000e-01 
1.3220000000e+03 3.0600480000e-01 3.8524400000e-01 
1.3230000000e+03 -2.9947910000e-01 3.0072990000e-01 
1.3240000000e+03 -2.0943630000e-01 3.0892510000e-01 
1.3250000000e+03 -2.8989650000e-01 6.2934580000e-02 
1.3260000000e+03 -3.3071630000e-02 -6.2387150000e-01 
1.3270000000e+03 5.5562410000e-01 2.1345200000e-01 
1.3280000000e+03 -4.4698060000e-01 2.4107740000e-01 
1.3290000000e+03 -9.5782270000e-02 -4.9336990000e-01 
1.3300000000e+03 3.7691090000e-01 -5.9418860000e-01 
1.3310000000e+03 5.6388860000e-01 -2.6052910000e-01 
1.3320000000e+03 5.5559220000e-01 -6.3946060000e-01 
1.3330000000e+03 1.1321790000e+00 -1.7586760000e-01 
1.3340000000e+03 7.7672050000e-01 1.9946520000e-01 
1.3350000000e+03 3.4219780000e-01 1.6435490000e-01 
1.3360000000e+03 5.8978400000e-01 -3.2399780000e-01 
1.3370000000e+03 5.3498560000e-01 -2.3058510000e-01 
1.3380000000e+03 5.2704680000e-01 -5.8909330000e-02 
1.3390000000e+03 4.6334620000e-01 -2.1259840000e-01 
1.3400000000e+03 4.9669570000e-01 -2.5353380000e-01 
1.3410000000e+03 4.9421390000e-01 -1.7702670000e-01 
1.3420000000e+03 4.4867340000e-01 -2.7342870000e-01 
1.3430000000e+03 3.5617610000e-01 -2.3921110000e-01 
1.3440000000e+03 1.6934780000e-01 -6.5439860000e-02 
1.3450000000e+03 2.1400530000e-02 -6.9101860000e-01 
1.3460000000e+03 9.5429060000e-02 -1.0026990000e+00 
1.3470000000e+03 5.5389110000e-01 -7.7483120000e-01 
1.3480000000e+03 4.5910230000e-01 -4.4540360000e-01 
1.3490000000e+03 1.1377910000e-01 -5.8440300000e-01 
1.3500000000e+03 -8.1155780000e-02 -1.2149840000e+00 
1.3510000000e+03 6.9662520000e-01 -6.7775350000e-01 
1.3520000000e+03 5.8042990000e-01 -8.8823140000e-01 
1.3530000000e+03 6.6508110000e-01 -7.2680610000e-01 
1.3540000000e+03 6.8521630000e-01 -6.1748000000e-01 
1.3550000000e+03 7.2535840000e-01 -4.7465640000e-01 
1.3560000000e+03 5.3585090000e-01 -3.2598640000e-01 
1.3570000000e+03 3.0829740000e-01 -2.8496730000e-01 
1.3580000000e+03 2.2020510000e-01 -1.0661620000e+00 
1.3590000000e+03 5.3743970000e-01 -1.3388090000e-01 
1.3600000000e+03 -2.0907710000e-01 7.6651750000e-01 
1.3610000000e+03 -3.5743010000e-01 3.1604680000e-01 
1.3620000000e+03 3.6140970000e-01 5.5717080000e-01 
1.3630000000e+03 -1.8543150000e-01 2.2921530000e-01 
1.3640000000e+03 -2.0507660000e-01 2.1269740000e-01 
1.3650000000e+03 -2.0832300000e-01 -9.1069980000e-02 
1.3660000000e+03 2.5917260000e-01 -4.0522880000e-01 
1.3670000000e+03 6.1789380000e-01 5.1049730000e-01 
1.3680000000e+03 -2.9859760000e-01 5.0220230000e-02 
1.3690000000e+03 -1.9202190000e-01 -5.7516050000e-01 
1.3700000000e+03 4.2310350000e-01 -7.0226580000e-01 
1.3710000000e+03 4.2036200000e-01 -3.8534910000e-01 
1.3720000000e+03 6.4781820000e-01 -7.2525640000e-01 
1.3730000000e+03 1.1141330000e+00 -1.5779560000e-01 
1.3740000000e+03 6.7934710000e-01 1.6456230000e-01 
1.3750000000e+03 1.4841650000e-01 -4.9938860000e-01 
1.3760000000e+03 5.9760580000e-01 -2.3879090000e-01 
1.3770000000e+03 3.8173710000e-01 -1.8959040000e-01 
1.3780000000e+03 4.6494200000e-01 -2.8066530000e-01 
1.3790000000e+03 1.0351870000e-01 -2.2754230000e-01 
1.3800000000e+03 6.3377930000e-01 -5.8674900000e-01 
1.3810000000e+03 6.0463570000e-01 -3.3562480000e-01 
1.3820000000e+03 5.9363850000e-01 -4.5536480000e-01 
1.3830000000e+03 4.7295960000e-01 -2.0169860000e-01 
1.3840000000e+03 2.2414820000e-01 -6.8884720000e-01 
1.3850000000e+03 1.9115710000e-01 -8.0839820000e-01 
1.3860000000e+03 7.2487010000e-01 -8.5529840000e-01 
1.3870000000e+03 6.7889320000e-01 -4.2835620000e-01 
1.3880000000e+03 2.0764050000e-01 -5.0106680000e-01 
1.3890000000e+03 2.2999560000e-01 -8.9172290000e-01 
1.3900000000e+03 6.5588310000e-01 -1.1673550000e+00 
1.3910000000e+03 6.6968340000e-01 -7.3951370000e-01 
1.3920000000e+03 6.1532910000e-01 -6.8141470000e-01 
1.3930000000e+03 5.9997410000e-01 -6.4783570000e-01 
1.3940000000e+03 6.7226230000e-01 -6.3202610000e-01 
1.3950000000e+03 4.4702700000e-01 -1.8970230000e-01 
1.3960000000e+03 -1.9875170000e-01 -9.0686340000e-01 
1.3970000000e+03 5.9111090000e-01 -6.6718190000e-01 
1.3980000000e+03 3.6433580000e-02 -3.4668820000e-01 
1.3990000000e+03 4.5220050000e-01 -8.4473890000e-01 
1.4000000000e+03 -2.8135250000e-01 6.9608130000e-01 
1.4010000000e+03 -2.7047660000e-01 9.4917380000e-02 
1.4020000000e+03 2.6247780000e-01 8.0777350000e-01 
1.4030000000e+03 -9.5446300000e-02 2.1630670000e-01 
1.4040000000e+03 -1.5762620000e-01 1.1914090000e-01 
1.4050000000e+03 -4.7492880000e-02 -1.2179770000e-01 
1.4060000000e+03 2.7744100000e-01 -3.5431020000e-01 
1.4070000000e+03 2.1875220000e-01 7.0211010000e-01 
1.4080000000e+03 -3.5166610000e-01 2.1435410000e-02 
1.4090000000e+03 -1.5573340000e-01 -7.2898180000e-01 
1.4100000000e+03 5.4966770000e-01 -7.3815670000e-01 
1.4110000000e+03 4.5741470000e-01 -5.7447760000e-01 
1.4120000000e+03 8.0613630000e-01 -7.4122770000e-01 
1.4130000000e+03 1.0671000000e+00 -1.4769010000e-01 
1.4140000000e+03 5.2834590000e-01 1.1420000000e-01 
1.4150000000e+03 5.3175310000e-01 -6.4609410000e-01 
1.4160000000e+03 6.4790160000e-01 -4.5103690000e-01 
1.4170000000e+03 6.6503340000e-01 -4.8144930000e-01 
1.4180000000e+03 6.7971970000e-01 -5.2391050000e-01 
1.4190000000e+03 7.4808380000e-01 -5.4973710000e-01 
1.4200000000e+03 8.1154430000e-01 -5.0202130000e-01 
1.4210000000e+03 4.5704180000e-01 -4.8401940000e-01 
1.4220000000e+03 8.7585620000e-01 -3.8418020000e-01 
1.4230000000e+03 7.3962380000e-01 -3.4857390000e-01 
1.4240000000e+03 4.4204470000e-01 -3.5280020000e-01 
1.4250000000e+03 5.6959150000e-01 -5.7755550000e-01 
1.4260000000e+03 5.2730150000e-01 -5.0926130000e-01 
1.4270000000e+03 3.7478920000e-01 -5.6475120000e-01 
1.4280000000e+03 2.7009940000e-01 -7.6823530000e-01 
1.4290000000e+03 3.6881440000e-01 -1.0384890000e+00 
1.4300000000e+03 7.4321680000e-01 -9.3624710000e-01 
1.4310000000e+03 6.9281770000e-01 -9.0840230000e-01 
1.4320000000e+03 8.0913540000e-01 -8.9332370000e-01 
1.4330000000e+03 9.6188970000e-01 -7.2084840000e-01 
1.4340000000e+03 5.7728270000e-01 -2.8420640000e-01 
1.4350000000e+03 -2.0678640000e-02 -9.9026660000e-01 
1.4360000000e+03 1.1806760000e+00 -9.8712450000e-01 
1.4370000000e+03 1.2119840000e+00 -1.2166980000e+00 
1.4380000000e+03 8.9015050000e-01 -5.9897300000e-01 
1.4390000000e+03 8.8583750000e-01 -6.1337180000e-01 
1.4400000000e+03 -3.5859310000e-01 5.9931120000e-01 
1.4410000000e+03 -6.2513420000e-02 -1.0043600000e-01 
1.4420000000e+03 -9.0370250000e-02 8.0310590000e-01 
1.4430000000e+03 -5.4209040000e-02 2.3859100000e-01 
1.4440000000e+03 -8.9451980000e-02 8.0905360000e-02 
1.4450000000e+03 -1.6361120000e-02 -1.0499930000e-01 
1.4460000000e+03 3.3679640000e-01 -3.7689650000e-01 
1.4470000000e+03 -5.2851270000e-02 4.3881950000e-01 
1.4480000000e+03 -2.9501000000e-01 -1.9265180000e-01 
1.4490000000e+03 2.9432310000e-01 -3.9736150000e-01 
1.4500000000e+03 5.8147510000e-01 -6.5201280000e-01 
1.4510000000e+03 4.6528190000e-01 -6.7698920000e-01 
1.4520000000e+03 8.7400630000e-01 -8.4535330000e-01 
1.4530000000e+03 1.0511850000e+00 -1.6329350000e-01 
1.4540000000e+03 4.1960670000e-01 -4.1907110000e-01 
1.4550000000e+03 7.5151850000e-01 -4.9075670000e-01 
1.4560000000e+03 5.5632360000e-01 -7.3796320000e-01 
1.4570000000e+03 9.5376260000e-01 -5.5662310000e-01 
1.4580000000e+03 1.0694770000e+00 -4.9741440000e-01 
1.4590000000e+03 1.1522490000e+00 -3.1704920000e-01 
1.4600000000e+03 1.0422900000e+00 -2.5885130000e-02 
1.4610000000e+03 1.0142740000e+00 -2.7280510000e-01 
1.4620000000e+03 6.3515920000e-01 -3.9800250000e-02 
1.4630000000e+03 3.2827890000e-01 -3.0695650000e-01 
1.4640000000e+03 4.4208010000e-01 -6.8445170000e-01 
1.4650000000e+03 6.3454620000e-01 -6.6399870000e-01 
1.4660000000e+03 5.9747030000e-01 -6.0118190000e-01 
1.4670000000e+03 4.7616990000e-01 -7.2140640000e-01 
1.4680000000e+03 5.4835950000e-01 -8.7601690000e-01 
1.4690000000e+03 8.4392310000e-01 -1.0176730000e+00 
1.4700000000e+03 1.0937430000e+00 -7.7004680000e-01 
1.4710000000e+03 1.0407720000e+00 -5.6929210000e-01 
1.4720000000e+03 9.5316390000e-01 -4.2251960000e-01 
1.4730000000e+03 6.7215030000e-01 -3.9606220000e-01 
1.4740000000e+03 3.9605890000e-01 -6.4720450000e-01 
1.4750000000e+03 1.2761080000e+00 -6.5779100000e-01 
1.4760000000e+03 1.4261030000e+00 -7.6257560000e-01 
1.4770000000e+03 7.3433120000e-01 4.5861210000e-02 
1.4780000000e+03 3.9638110000e-01 2.6962920000e-01 
1.4790000000e+03 7.2409800000e-01 -2.3588090000e-01 
1.4800000000e+03 -4.4687940000e-01 4.4062960000e-01 
1.4810000000e+03 2.9534430000e-01 -1.6579530000e-01 
1.4820000000e+03 -1.5632230000e-01 5.9348010000e-01 
1.4830000000e+03 -6.6076910000e-02 2.5107280000e-01 
1.4840000000e+03 -8.7866220000e-02 5.7098620000e-02 
1.4850000000e+03 2.6616450000e-03 -2.0412120000e-01 
1.4860000000e+03 1.0859350000e+00 -4.7663440000e-01 
1.4870000000e+03 1.6098020000e-02 5.4913150000e-01 
1.4880000000e+03 -3.9774270000e-01 -1.4500480000e-01 
1.4890000000e+03 -2.0574810000e-02 -9.3847930000e-01 
1.4900000000e+03 5.2110350000e-01 -6.7230240000e-01 
1.4910000000e+03 6.7382840000e-01 -8.0233140000e-01 
1.4920000000e+03 1.0956080000e+00 -8.2719240000e-01 
1.4930000000e+03 1.1930810000e+00 -2.1323200000e-01 
1.4940000000e+03 8.3196930000e-01 -2.3672880000e-01 
1.4950000000e+03 1.0081460000e+00 -3.6995590000e-01 
1.4960000000e+03 1.0050120000e+00 -2.5198140000e-01 
1.4970000000e+03 9.9353940000e-01 -1.9207850000e-01 
1.4980000000e+03 9.6333090000e-01 -1.2322820000e-01 
1.4990000000e+03 8.5780990000e-01 -4.5405360000e-03 
1.5000000000e+03 8.9922760000e-01 -4.7055650000e-02 
1.5010000000e+03 5.9846150000e-01 -4.3247900000e-01 
1.5020000000e+03 4.5304130000e-01 -2.9248060000e-01 
1.5030000000e+03 4.3565900000e-01 -6.4811130000e-01 
1.5040000000e+03 7.3282990000e-01 -7.7405550000e-01 
1.5050000000e+03 9.0319160000e-01 -7.0177230000e-01 
1.5060000000e+03 1.1156880000e+00 -4.1916370000e-01 
1.5070000000e+03 9.0006720000e-01 -3.7676900000e-01 
1.5080000000e+03 6.2764680000e-01 -3.4248730000e-01 
1.5090000000e+03 9.7035180000e-01 -4.5447050000e-01 
1.5100000000e+03 6.7607750000e-01 -6.6141790000e-02 
1.5110000000e+03 2.4331100000e-01 -2.2080660000e-01 
1.5120000000e+03 1.1798270000e+00 -7.4247300000e-01 
1.5130000000e+03 5.3777290000e-01 5.0716920000e-02 
1.5140000000e+03 4.6765660000e-03 -4.8675450000e-01 
1.5150000000e+03 5.7607980000e-01 -5.3161410000e-01 
1.5160000000e+03 2.6388220000e-01 -6.6413170000e-01 
1.5170000000e+03 7.5954490000e-01 -4.1873200000e-01 
1.5180000000e+03 5.2665710000e-01 -7.6882570000e-01 
1.5190000000e+03 4.1381710000e-01 -4.4593440000e-01 
1.5200000000e+03 -4.5887040000e-01 1.2321950000e-01 
1.5210000000e+03 6.2422310000e-01 5.6816420000e-02 
1.5220000000e+03 -1.1737320000e-01 5.0051550000e-01 
1.5230000000e+03 -1.1963950000e-01 2.2568340000e-01 
1.5240000000e+03 -3.3439150000e-02 -1.2201570000e-01 
1.5250000000e+03 2.4433020000e-01 -1.0424240000e-01 
1.5260000000e+03 6.3716540000e-01 -1.1549290000e-01 
1.5270000000e+03 -8.7044510000e-02 1.9176150000e-01 
1.5280000000e+03 -3.0754760000e-01 -3.1379510000e-01 
1.5290000000e+03 2.0824450000e-01 -1.1042940000e+00 
1.5300000000e+03 6.9773720000e-01 -8.0153350000e-01 
1.5310000000e+03 1.0150950000e+00 -6.6478100000e-01 
1.5320000000e+03 1.2628040000e+00 -4.7100600000e-01 
1.5330000000e+03 1.1286870000e+00 1.3983050000e-01 
1.5340000000e+03 7.0884990000e-01 -1.5724370000e-01 
1.5350000000e+03 1.0488850000e+00 1.1938460000e-01 
1.5360000000e+03 7.5080250000e-01 -1.3166460000e-01 
1.5370000000e+03 7.8046940000e-01 -1.2434650000e-02 
1.5380000000e+03 5.9044950000e-01 9.2006830000e-02 
1.5390000000e+03 3.2420330000e-01 -1.5347300000e-02 
1.5400000000e+03 9.5171410000e-02 -4.9095140000e-01 
1.5410000000e+03 7.6113750000e-01 -6.3505040000e-01 
1.5420000000e+03 5.6204980000e-01 -5.0070020000e-01 
1.5430000000e+03 6.7839450000e-01 -6.3160580000e-01 
1.5440000000e+03 7.9556570000e-01 -5.8604820000e-01 
1.5450000000e+03 8.3211960000e-01 -4.2676850000e-01 
1.5460000000e+03 7.3690120000e-01 -2.7035720000e-01 
1.5470000000e+03 1.7923170000e-01 -2.7649200000e-01 
1.5480000000e+03 2.8621250000e-01 -6.6472380000e-01 
1.5490000000e+03 5.1347140000e-01 -8.8752450000e-01 
1.5500000000e+03 7.6881410000e-01 -7.2869260000e-01 
1.5510000000e+03 6.9830780000e-01 -4.2200020000e-01 
1.5520000000e+03 5.7928420000e-01 -3.4488000000e-01 
1.5530000000e+03 1.2379690000e-01 -6.4402040000e-01 
1.5540000000e+03 8.7827820000e-01 -1.3130080000e+00 
1.5550000000e+03 6.2732940000e-01 -8.7126900000e-01 
1.5560000000e+03 1.1164230000e+00 -5.9010160000e-01 
1.5570000000e+03 1.1394830000e-01 -3.0333850000e-01 
1.5580000000e+03 6.2863460000e-01 -3.4351100000e-01 
1.5590000000e+03 5.7266600000e-01 -4.7162750000e-01 
1.5600000000e+03 -1.2066990000e-01 -1.4921680000e-01 
1.5610000000e+03 7.2291620000e-01 3.5500300000e-01 
1.5620000000e+03 -1.9563180000e-01 5.8112250000e-01 
1.5630000000e+03 -1.0436680000e-01 9.4531300000e-02 
1.5640000000e+03 1.0787180000e-01 -4.5797670000e-02 
1.5650000000e+03 2.1025800000e-01 -1.2560910000e-01 
1.5660000000e+03 5.3571980000e-01 -9.7610440000e-02 
1.5670000000e+03 7.6109000000e-02 7.2143340000e-02 
1.5680000000e+03 -1.5650450000e-01 -4.4612500000e-01 
1.5690000000e+03 4.2279060000e-01 -3.8381250000e-01 
1.5700000000e+03 8.3858920000e-01 -5.7257720000e-01 
1.5710000000e+03 8.4850390000e-01 -2.8628210000e-01 
1.5720000000e+03 1.0680570000e+00 -2.3646660000e-01 
1.5730000000e+03 6.7203910000e-01 4.3482480000e-01 
1.5740000000e+03 6.5488710000e-01 -1.8574770000e-01 
1.5750000000e+03 -4.2634150000e-01 -2.0865620000e-01 
1.5760000000e+03 3.7414090000e-01 -6.9542090000e-01 
1.5770000000e+03 6.1912670000e-01 -7.0451550000e-01 
1.5780000000e+03 7.6785950000e-01 -7.4597380000e-01 
1.5790000000e+03 8.6722480000e-01 -5.7973750000e-01 
1.5800000000e+03 7.1650410000e-01 -4.3526310000e-01 
1.5810000000e+03 8.2296450000e-01 -5.0636880000e-01 
1.5820000000e+03 7.2431640000e-01 -7.1329950000e-01 
1.5830000000e+03 9.0091970000e-01 -6.7990770000e-01 
1.5840000000e+03 1.0052410000e+00 -5.0563100000e-01 
1.5850000000e+03 8.9900150000e-01 -2.2495850000e-01 
1.5860000000e+03 1.1367100000e-01 -3.9140520000e-01 
1.5870000000e+03 5.8078270000e-01 -6.3945230000e-01 
1.5880000000e+03 4.4110300000e-01 -6.0446710000e-01 
1.5890000000e+03 7.4080260000e-01 -6.5939800000e-01 
1.5900000000e+03 7.8710930000e-01 -5.1707240000e-01 
1.5910000000e+03 5.1355290000e-01 -4.2857260000e-01 
1.5920000000e+03 4.7204410000e-01 -5.6038220000e-01 
1.5930000000e+03 5.9395010000e-01 -1.1814170000e+00 
1.5940000000e+03 8.8618850000e-01 -1.5748060000e-01 
1.5950000000e+03 1.0911110000e+00 -6.3107420000e-01 
1.5960000000e+03 5.3753960000e-01 3.4350660000e-01 
1.5970000000e+03 9.0202570000e-01 -1.9866350000e-01 
1.5980000000e+03 9.9703580000e-01 -4.0792770000e-01 
1.5990000000e+03 4.9038280000e-01 -4.8932740000e-01 
